实际为1，预测为0
用笔稚拙,偶尔皴以淡墨。约在1666年,石涛前往安徽宣城,因缘际会,结识梅清(1623-1697年,安徽宣城人,素有“黄山巨子”之雅称,
0          1
0.993          0.007
帝。垂拱元年（685年）秋八月戊寅（公历9月8日），李隆基生于东都洛阳。出生时其父李旦为帝，母窦
0          1
0.901          0.099
李杰：中国著名的易学、风水大师，1952年出生，江苏省徐州人。李杰大师从小学习易经，是中国道教协会理论家
0          1
0.589          0.411
的威望。李杰：中国著名的易学、风水大师，1952年出生，江苏省徐州人。李杰大师从小学习易经，是中国道教协会理论家
0          1
0.589          0.411
的威望。李杰：中国著名的易学、风水大师，1952年出生，江苏省徐州人。李杰大师从小学习易经，是中国道教协会理论家
0          1
0.589          0.411
，奥利弗·克伦威尔因病去世，享年59岁。奥利弗·克伦威尔1599年4月25日出生于亨廷登郡（Huntingdons
0          1
0.817          0.183
曾国珍，杂技演员，1905年生于湖南省新化县。1926年毕业于北方
0          1
0.517          0.483
、有作为的皇帝。宋仁宗庆历八年四月十日（1048年5月25日），赵顼在濮安懿王宫邸睦亲宅出生。是宋英宗赵曙
0          1
0.934          0.066
。著有长篇小说《铁皮鼓》、《猫与鼠》等。君特·格拉斯1927年出生于但泽市。父亲是德国商人，母亲为波
0          1
0.677          0.323
的赖姆。德国(前西德)职业网球男运动员（1984年—1999年），前单打世界排名第一。鲍里斯·贝克尔是6个大满贯单打冠军主（1985、86
0          1
0.997          0.003
亲王大成从中国台湾到美国留学并恋爱结婚。1966年，卢沛宁出生于美国新泽西州，在马里兰州长大。卢
0          1
0.972          0.028
朱允文、朱允汶。明洪武十年（1377年）12月5日，朱允炆出生于应天府（今南京），洪武二十五年（
0          1
0.589          0.411
日）被定为中国旅游日。明神宗万历十四年（1586年），徐霞客出生在南直隶江阴（今江苏江阴市）一个有
0          1
0.892          0.108
天根，著有《爝火录》四十卷，则居无锡矣。李应升是李鹏翀之子，生于万历二十一年（1593年）。万历四十四年（1616年），进士一
0          1
0.910          0.090
韩在林1975年出生，毕业于首尔艺术大学。韩国著名导演
0          1
0.551          0.449
清华大学五道口金融学院理事会名誉理事长。1930年，刘鸿儒出生于东北吉林省榆树县，和当时的大多数
0          1
0.947          0.053
博,邢凯轩,张兆艺个人书籍《快乐我作主》1991年出生的李瑞今年已经27岁，成名后淡出娱乐圈，后到
0          1
0.979          0.021
，主演的青春校园励志剧《极光之恋》播出。1997年，关晓彤出生于北京市的一个艺术世家，由于家庭文
0          1
0.993          0.007
闪亮的马蒂斯系列散发着浓郁的布拉斯气息。1922年比尔·布拉斯出生于美国印第安纳州的韦恩，他的父亲是
0          1
0.974          0.026
和设计杂志选为最具潜力的亚洲设计师之一。傅厚民(1975年)家世：已故赌王傅老榕孙儿、名媛傅洁恩
0          1
0.985          0.015
誉称号。施光南音乐广场在渝落成人民音乐家施光南1940年生于重庆南山，父母为他取名光南，含有“
0          1
0.761          0.239
田德忠，男，1921年出生，1947年牺牲。田德忠，男，19
0          1
0.667          0.333
4月13日在伦敦赛德勒之井剧院世界首演。王亚彬1984年出生于天津，1990年开始学习舞蹈。1
0          1
0.572          0.428
黄嘉祥，1949年1月出生于上海南市区.1953年迁居江苏启
0          1
0.769          0.231
事后还钱却一拖再拖，还把该女粉丝拉黑了。1974年，刘小光出生于吉林省桦甸市的一个农村家庭，自小
0          1
0.976          0.024
年9月27日，推出个人单曲《四季不败》。郝云1979年出生于河南省郑州市，因为父母任职于石油
0          1
0.550          0.450
库以外，在他的财力上受到最少可能的激动。1723年亚当·斯密出生在苏格兰法夫郡（County Fi
0          1
0.765          0.235
723～1790）是经济学的主要创立者。1723年亚当·斯密出生在苏格兰法夫郡（County Fi
0          1
0.765          0.235
安派”或“公安体”。隆庆二年十二月六日（1568年12月23日），袁宏道出生，出身官宦家庭。少年时期生活富裕，
0          1
0.520          0.480
”者，曹植、李白、苏轼三人耳。初平三年（192年），曹植出生于东武阳。曹植是曹操与卞夫人所生第
0          1
0.977          0.023
实际为0，预测为1
李宝荣(1895—1948年)，农民。抗日战争爆发后，加入中国共产
0          1
0.204          0.796
，农民。抗日战争爆发后，加入中国共产党。李宝荣(1895—1948年)，农民。抗日战争爆发后，加入中国共产
0          1
0.204          0.796
虚幻世界。被誉为具有颠覆性的创新艺术家。马克斯·恩斯特（MaxErnst，1891-1976年），德国出生的画家和雕塑家。达达主义和
0          1
0.329          0.671
脉和。”明朝嘉靖十三年七月二十一日（公元1534年8月30日）午时，王锡爵出生在南直隶太仓州娄江与长江交汇处（在
0          1
0.414          0.586
获国家奖金。1955年获列宁和平奖金。 1956年8月14日布莱希特逝世于柏林。贝尔托·布莱希特1898年2月10日出生在巴伐利亚的奥
0          1
0.117          0.883
百卷。《全宋诗》录有其诗。赵受益（后改名赵祯）生于大中祥符三年四月十四日（1010年5月12日），他是宋真宗赵
0          1
0.160          0.840
芭芭拉·布什（1925年6月8日-2018年4月17日），美国前第一夫人。在美国，一提起芭芭
0          1
0.079          0.921
明道等人合作出演了言情剧《如果我爱你》。白歆惠1982年生于台北，拥有四分之一日本血统，先后就
0          1
0.441          0.559
田德忠，男，1921年出生，1947年牺牲。田德忠，男，1921年出生，1947年牺牲。
0          1
0.208          0.792
