实际为1，预测为0
用笔稚拙,偶尔皴以淡墨。约在1666年,石涛前往安徽宣城,因缘际会,结识梅清(1623-1697年,安徽宣城人,素有“黄山巨子”之雅称,
0          1
0.995          0.005
华人民共和国驻葡萄牙共和国特命全权大使。蔡润大使简历2015/08/28蔡润，男，1967年6月生，法学硕士。1991-1994 中共
0          1
0.587          0.413
中华人民共和国驻加蓬共和国特命全权大使。胡长春大使简历2016/11/07胡长春，男，1968年2月生，公共管理硕士。1992 - 199
0          1
0.649          0.351
华人民共和国驻卢旺达共和国特命全权大使。饶宏伟大使简历2017/02/20饶宏伟，男，1962年9月生，工商管理硕士。1983—1986
0          1
0.686          0.314
、有作为的皇帝。宋仁宗庆历八年四月十日（1048年5月25日），赵顼在濮安懿王宫邸睦亲宅出生。是宋英宗赵曙
0          1
0.695          0.305
为新中国成立作出突出贡献的英雄模范之一。蔡和森，字润寰，号泽膺，湘乡县永丰镇人。1895年3月30日，蔡和森诞生在上海江南机械制造总局的一
0          1
0.509          0.491
。著有长篇小说《铁皮鼓》、《猫与鼠》等。君特·格拉斯1927年出生于但泽市。父亲是德国商人，母亲为波
0          1
0.871          0.129
的赖姆。德国(前西德)职业网球男运动员（1984年—1999年），前单打世界排名第一。鲍里斯·贝克尔是6个大满贯单打冠军主（1985、86
0          1
0.995          0.005
亲王大成从中国台湾到美国留学并恋爱结婚。1966年，卢沛宁出生于美国新泽西州，在马里兰州长大。卢
0          1
0.936          0.064
天根，著有《爝火录》四十卷，则居无锡矣。李应升是李鹏翀之子，生于万历二十一年（1593年）。万历四十四年（1616年），进士一
0          1
0.735          0.265
韩在林1975年出生，毕业于首尔艺术大学。韩国著名导演
0          1
0.777          0.223
清华大学五道口金融学院理事会名誉理事长。1930年，刘鸿儒出生于东北吉林省榆树县，和当时的大多数
0          1
0.667          0.333
博,邢凯轩,张兆艺个人书籍《快乐我作主》1991年出生的李瑞今年已经27岁，成名后淡出娱乐圈，后到
0          1
0.997          0.003
义者，但他的幻想持续影响迄今，甚至明天。保罗·波烈,这位充满幻想的时装大师于1879年4月生于巴黎,他的一生和事业都在巴黎,他在
0          1
0.815          0.185
，主演的青春校园励志剧《极光之恋》播出。1997年，关晓彤出生于北京市的一个艺术世家，由于家庭文
0          1
0.998          0.002
辑，造型足迹现在已经遍布两岸三地。姓名：陈孙华昵称：小孙哥、姥姥、太后、天后生日：1967年2月6日职业：造型师于1990年开始，出版了台
0          1
0.642          0.358
闪亮的马蒂斯系列散发着浓郁的布拉斯气息。1922年比尔·布拉斯出生于美国印第安纳州的韦恩，他的父亲是
0          1
0.808          0.192
和设计杂志选为最具潜力的亚洲设计师之一。傅厚民(1975年)家世：已故赌王傅老榕孙儿、名媛傅洁恩
0          1
0.885          0.115
誉称号。施光南音乐广场在渝落成人民音乐家施光南1940年生于重庆南山，父母为他取名光南，含有“
0          1
0.870          0.130
门铁克首席执行官等。现为新一届华为董事。张平安，1972年出生，毕业于浙江大学，硕士。1996年
0          1
0.526          0.474
初才入学，1982年毕业。”毛玉明介绍，孙亚芳是1957年出生的，南方人，大学入学那会儿21岁左
0          1
0.872          0.128
4月13日在伦敦赛德勒之井剧院世界首演。王亚彬1984年出生于天津，1990年开始学习舞蹈。1
0          1
0.843          0.157
么冷。2006年主持超视《超级同花顺》。1958年8月，沈孟生出生在台北一个军人家庭，自幼就调皮捣蛋
0          1
0.970          0.030
事后还钱却一拖再拖，还把该女粉丝拉黑了。1974年，刘小光出生于吉林省桦甸市的一个农村家庭，自小
0          1
0.888          0.112
年9月27日，推出个人单曲《四季不败》。郝云1979年出生于河南省郑州市，因为父母任职于石油
0          1
0.759          0.241
：清人绘蔡襄画像，现藏于中国历史博物馆）蔡襄生于宋真宗大中祥符五年二月十二日（1012年3月7日）。蔡氏家族世居福
0          1
0.527          0.473
库以外，在他的财力上受到最少可能的激动。1723年亚当·斯密出生在苏格兰法夫郡（County Fi
0          1
0.666          0.334
723～1790）是经济学的主要创立者。1723年亚当·斯密出生在苏格兰法夫郡（County Fi
0          1
0.565          0.435
中华人民共和国驻南非共和国特命全权大使。林松添大使简历2017/08/09林松添，男，1960年5月生，大学毕业。1986—1988  中
0          1
0.683          0.317
”者，曹植、李白、苏轼三人耳。初平三年（192年），曹植出生于东武阳。曹植是曹操与卞夫人所生第
0          1
0.533          0.467
实际为0，预测为1
故城，不忘先祖，称为“曾”，玄孙即曾子。曾子生于公元前505年10月12日（周敬王十五年、鲁定公五年）。公元前4
0          1
0.217          0.783
，男，博士，硕士生导师，就职于中北大学。李杰，男，山西省岚县人，博士。1999年7月获华北工学院电气技术专业工学学士学位，
0          1
0.279          0.721
虚幻世界。被誉为具有颠覆性的创新艺术家。马克斯·恩斯特（MaxErnst，1891-1976年），德国出生的画家和雕塑家。达达主义和
0          1
0.437          0.563
称为“和平将军”。有张治中故居留作纪念。张治中生于光绪16年（1890年）10月27日，其祖父是农
0          1
0.494          0.506
脉和。”明朝嘉靖十三年七月二十一日（公元1534年8月30日）午时，王锡爵出生在南直隶太仓州娄江与长江交汇处（在
0          1
0.233          0.767
路名词表》《京张铁路工程纪略》等。清咸丰十一年三月十七日（1861年 4月26日）詹天佑诞生。广东南海人，为南海县民籍。清乾隆
0          1
0.392          0.608
邱孟煌（阿丘），于1989年毕业于广西师范学院思想政治教育专业。曾
0          1
0.240          0.760
百卷。《全宋诗》录有其诗。赵受益（后改名赵祯）生于大中祥符三年四月十四日（1010年5月12日），他是宋真宗赵
0          1
0.453          0.547
芭芭拉·布什（1925年6月8日-2018年4月17日），美国前第一夫人。在美国，一提起芭芭
0          1
0.082          0.918
王辉（1971～2011.01.26），男，1990年毕业于广西兴安师范学校。广西壮族自治区
0          1
0.101          0.899
田德忠，男，1921年出生，1947年牺牲。田德忠，男，1921年出生，1947年牺牲。
0          1
0.181          0.819
47年牺牲。田德忠，男，1921年出生，1947年牺牲。田德忠
0          1
0.394          0.606
、中国电视金鹰奖等。1956年3月9日，周梅森出生于江苏省徐州市。1963年，入江苏徐州贾汪新韩小学读书。小学三年
0          1
0.444          0.556
姜瑜，1986年毕业于外交学院（英语系82级），精通英
0          1
0.398          0.602
林松添，男，1982年毕业于福建师范大学外语系。现任中华人民
0          1
0.095          0.905
秦孝公（公元前381年12月6日—公元前338年），嬴姓，赵氏，《越绝
0          1
0.141          0.859
，自此国力日强，为秦统一中国奠定了基础。秦孝公于秦献公四年（公元前381年）12月6日出生。秦献公二十三年（公元前362年）
0          1
0.463          0.537
