实际为1，预测为0
此人乃是河北玉麒麟卢俊义，因为“反诗门”被打入大狱。蔡福收押了他后下班回家
0          1
0.833          0.167
根据代县孙氏 《代州孙氏家乘》记载孙传庭始祖是明朝洪武初年迁居山西
0          1
0.867          0.133
崇侯虎，为崇城（今陕西户县）国君
0          1
0.608          0.392
毛主席送了亲笔挽词：“印度友人柯棣华大夫远道来华
0          1
0.971          0.029
获颁纪念章的其中一位国际友人遗属是印度友人柯棣华医生的侄女苏曼加拉·博卡。柯棣华曾随同
0          1
0.923          0.077
祭祀籍贯邢州的谥号都为文贞的三大名相魏徵、宋璟和刘秉忠
0          1
0.797          0.203
导演张善宇便是上世纪90年代以来韩国最受关注的导演之一。1985年，张善宇
0          1
0.950          0.050
梁正群与女友相爱15年秘密离婚。台湾艺人梁正群与圈外女友Anita交往15
0          1
0.838          0.162
梁正群与女友相爱15年秘密离婚。台湾艺人梁正群与圈外女友Anita交往15年十分低调
0          1
0.841          0.159
新加坡金牌孪生音乐制作人李伟菘李偲菘老师也前来友情客串
0          1
0.782          0.218
王家在台湾第一代祖先是王永庆的曾祖父王天来
0          1
0.887          0.113
高丽虹虽然是在香港长大
0          1
0.865          0.135
陈可辛曾有着一种标杆性的启示意义。这位早年游走于好莱坞的香港导演
0          1
0.768          0.232
导演萨姆·雷米也因此点名邀请林迪安再任第三集武术指导。来自香港的林迪安曾和袁和平一起参与设计了《黑客
0          1
0.985          0.015
此点名邀请林迪安再任第三集武术指导。来自香港的林迪安曾和袁和平一起参与设计了《黑客帝国》的
0          1
0.984          0.016
妈祖林默和林则徐都是“九牧林氏”后代， 林则徐先祖世居莆田，后迁居福州。 妈祖是林则徐的“祖姑”
0          1
0.907          0.093
实际为0，预测为1
潘天寿美术馆位于浙江宁海潘天寿艺术中心。潘天寿艺术中心分综合展厅、书画艺术工作室、宁
0          1
0.049          0.951
潘天寿美术馆位于浙江宁海潘天寿艺术中心。潘天寿艺术中心分综合展厅、书画艺术工作室、宁海历史名人人物画陈列馆、书画艺术培训基地
0          1
0.079          0.921
蒋英，“中国航天之父”的夫人
0          1
0.028          0.972
返回四川。秦九韶自幼生活在家乡
0          1
0.179          0.821
刘青云，祖籍广东三水。1983年刘青云加入香港无线电视第12期艺员训练班
0          1
0.014          0.986
很多台湾企业家都将王永庆的管理经验当作最为实用的教科书
0          1
0.346          0.654
这个组合还包括另一位韩国歌手Yuny Han。蔡妍也曾以Jinny或者Jinny Lee
0          1
0.337          0.663
王小帅出生两个多月后便随父母从上海去往贵阳
0          1
0.124          0.876
饰演被绑架十年后获救、回到香港实施报复的悲剧人物韦逸升。郭晋安出生于长州
0          1
0.008          0.992
是爱尔兰裔的美国白人姑娘，是李小龙在华盛顿大学期间的同学
0          1
0.019          0.981
原因是有些美国青年看过李小龙的功夫片
0          1
0.493          0.507
作为香港著名实业家霍英东的长子，霍震霆在香港颇受关注。他身兼数职，不仅是香港立法会
0          1
0.206          0.794
该剧讲述韩国巨星和香港女摄影师之间跨越国境的命运般的爱情故事。随后，刘佩玥与洪永城、岑丽香、陈炜出演由叶镇辉监制
0          1
0.252          0.748
罗佩芝天生丽质，而且自幼便富有歌唱天赋，在香港读中学时其歌唱才艺便为外界所知
0          1
0.482          0.518
连蛰伏多年的超级名模——42岁“高龄”的辛迪·克劳馥也耐不住寂寞了。她为美国时尚杂志《Michigan Avenu
0          1
0.241          0.759
美国《福布斯》公布2018年全球名人收入榜，乔治·克鲁尼排名第二。乔治·克鲁尼出身在演员世家
0          1
0.099          0.901
都牵涉到徽州人的现籍和祖籍的问题。清代徽州文书稿本《南旋日记》，认为胡雪岩的籍贯是绩溪毋庸置疑
0          1
0.376          0.624
香港玩晒。黄子华来自于一个破碎家庭
0          1
0.372          0.628
林海峰是香港潮流界的代表人物之一
0          1
0.082          0.918
李安的父亲是台湾教育家李升
0          1
0.231          0.769
由黄立行、韩裔美籍嘻哈天王级制作人Jae chong担
0          1
0.174          0.826
林奕华，1959年生人，香港文化界著名人物，舞台剧导演。林奕华1991 年创立“ 非常林奕华”剧团
0          1
0.006          0.994
徐志摩毕业于浙江一中
0          1
0.398          0.602
由于林志坚姓氏Lam，与德国国家足球队队长拉姆（Lahm）相似
0          1
0.100          0.900
华裔小将林志坚也首次亮相德甲赛场，结果他的表现也堪称惊艳，赛后被德国《图片报》打了全场最高分
0          1
0.363          0.637
效力于汉堡的华裔小将林志坚入选了德国U20国家青年队
0          1
0.290          0.710
华裔小将林志坚为汉堡首发登场对阵多特蒙德
0          1
0.322          0.678
雍正年间沈氏家族中的一支继续南迁至福建侯官。嘉庆二十五年（1820年），沈葆桢出生于贫苦的读书人家庭
0          1
0.282          0.718
家协会会员、高级摄影师、中国优秀摄影家、浙江省首批“五个一批”人才。刘志江摄影作品在省级以上报刊发表数千幅
0          1
0.087          0.913
辜振甫作为台湾的资方代表
0          1
0.251          0.749
