实际为1，预测为0
此人乃是<属性>玉麒麟卢俊义，因为“反诗门”被打入大狱。<实体>收押了他后下班回家
0          1
0.822          0.178
毛主席送了亲笔挽词：“<属性>友人<实体>大夫远道来华
0          1
0.633          0.367
获颁纪念章的其中一位国际友人遗属是<属性>友人<实体>医生的侄女苏曼加拉·博卡。<实体>曾随同
0          1
0.981          0.019
美利坚合众国第16任总统<实体>与世长辞。布斯出身于<属性>戏剧界名门之后
0          1
0.589          0.411
导演<实体>便是上世纪90年代以来<属性>最受关注的导演之一。1985年，<实体>
0          1
0.516          0.484
<实体>，姬姓，名宋，为春秋诸侯国<属性>君主之一，是<属性>第二十五任君主
0          1
0.860          0.140
另一个就是<实体>。”<属性>《时代周刊》评选<实体>为“20世纪<属性>10大偶像之一”
0          1
0.829          0.171
个就是<实体>。”<属性>《时代周刊》评选<实体>为“20世纪<属性>10大偶像之一”
0          1
0.744          0.256
<属性>金牌孪生音乐制作人李伟菘<实体>老师也前来友情客串
0          1
0.989          0.011
在<属性>。按<实体>
0          1
0.989          0.011
（《上海电视周刊》评）<实体>，20世纪八十年代到九十年代，红极一时的<属性>动作武打女星
0          1
0.985          0.015
<实体>作为<属性>电影人的代表，参加时任<属性>总统卢武铉的
0          1
0.588          0.412
<属性>传奇摄影师<实体>去世
0          1
0.771          0.229
导演萨姆·雷米也因此点名邀请<实体>再任第三集武术指导。来自<属性>的<实体>曾和袁和平一起参与设计了《黑客
0          1
0.814          0.186
此点名邀请<实体>再任第三集武术指导。来自<属性>的<实体>曾和袁和平一起参与设计了《黑客帝国》的
0          1
0.812          0.188
实际为0，预测为1
<实体>，“<属性>航天之父”的夫人
0          1
0.008          0.992
返回<属性>。<实体>自幼生活在家乡
0          1
0.158          0.842
<实体>为位于<属性>的著名漫画工作室“埃斯纳伊格工作室”工
0          1
0.067          0.933
钟某全名钟石（又名<实体>）在<属性>、上海、广州等地从事财经及建筑
0          1
0.043          0.957
<实体>，祖籍广东三水。1983年<实体>加入<属性>无线电视第12期艺员训练班
0          1
0.184          0.816
<实体>可以算是<属性>动作片头号女星
0          1
0.407          0.593
这个组合还包括另一位<属性>歌手Yuny Han。<实体>也曾以Jinny或者Jinny Lee
0          1
0.127          0.873
饰演被绑架十年后获救、回到<属性>实施报复的悲剧人物韦逸升。<实体>出生于长州
0          1
0.088          0.912
是爱尔兰裔的<属性>白人姑娘，是<实体>在华盛顿大学期间的同学
0          1
0.027          0.973
金像奖奖杯的原型是1979年<属性>小姐选美冠军——<实体>。从1991年第十届<属性>电影金像奖开始
0          1
0.348          0.652
 美丽的“<属性>小姐”<实体>已过而立之年
0          1
0.231          0.769
连蛰伏多年的超级名模——42岁“高龄”的<实体>也耐不住寂寞了。她为<属性>时尚杂志《Michigan Avenu
0          1
0.311          0.689
<属性>《福布斯》公布2018年全球名人收入榜，<实体>排名第二。<实体>出身在演员世家
0          1
0.173          0.827
都牵涉到<属性>人的现籍和祖籍的问题。清代<属性>文书稿本《南旋日记》，认为<实体>的籍贯是绩溪毋庸置疑
0          1
0.063          0.937
<属性>玩晒。<实体>来自于一个破碎家庭
0          1
0.143          0.857
<实体>是<属性>潮流界的代表人物之一
0          1
0.065          0.935
<实体>饰演一位<属性>舞蹈家
0          1
0.253          0.747
<实体>饰演一位<属性>舞蹈家
0          1
0.253          0.747
由<实体>、韩裔<属性>籍嘻哈天王级制作人Jae chong担
0          1
0.030          0.970
<实体>，1959年生人，<属性>文化界著名人物，舞台剧导演。<实体>1991 年创立“ 非常<实体>”剧团
0          1
0.010          0.990
正出自<实体>在<属性>一个小县城挂职的亲身经历
0          1
0.050          0.950
由于<实体>姓氏Lam，与<属性>国家足球队队长拉姆（Lahm）相似
0          1
0.133          0.867
华裔小将<实体>也首次亮相德甲赛场，结果他的表现也堪称惊艳，赛后被<属性>《图片报》打了全场最高分
0          1
0.300          0.700
效力于<属性>的华裔小将<实体>入选了德国U20国家青年队
0          1
0.097          0.903
华裔小将<实体>为<属性>首发登场对阵多特蒙德
0          1
0.152          0.848
<属性>政府在馆内开辟了“<属性>禁毒教育基地”。<实体>故居（云左山房）又名“云左山房”
0          1
0.432          0.568
<实体>在<属性>青年队出道，2002年帮助<属性>雄鹰队在
0          1
0.101          0.899
家协会会员、高级摄影师、中国优秀摄影家、<属性>首批“五个一批”人才。<实体>摄影作品在省级以上报刊发表数千幅
0          1
0.134          0.866
