实际为1，预测为0
。整个河北笼罩在一片恐怖气氛中，这激发了河北人民更大的反抗情绪，酿成了刘六、刘七起义。刘六、刘七是河北霸州文安人
0          1
0.853          0.147
民劳动，他跟着干轻活。“三年困难时期”，安徽是重灾区，家乡亲友登门，刘健挺总是让家人节衣缩食，尽可能给予帮助，而
0          1
0.893          0.107
置。一天，监狱里押来一名大人物，此人乃是河北玉麒麟卢俊义，因为“反诗门”被打入大狱。蔡福收押了他后下班回家，一出门口便碰到讨饭
0          1
0.736          0.264
靖”。根据代县孙氏 《代州孙氏家乘》记载孙传庭始祖是明朝洪武初年迁居山西，其始迁祖孙成（生子：孙顺）在洪武年间
0          1
0.515          0.485
界举行的追悼会上，毛主席送了亲笔挽词：“印度友人柯棣华大夫远道来华，援助抗日，在延安华北工作
0          1
0.971          0.029
念章。获颁纪念章的其中一位国际友人遗属是印度友人柯棣华医生的侄女苏曼加拉·博卡。柯棣华曾随同
0          1
0.565          0.435
，在顺德府城内（今邢台桥东区），祭祀籍贯邢州的谥号都为文贞的三大名相魏徵、宋璟和刘秉忠。祭词：“世间明贤，同产此邦，文章德业
0          1
0.942          0.058
肯。4月15日，美利坚合众国第16任总统亚伯拉罕·林肯与世长辞。布斯出身于美国戏剧界名门之后，他高超的演技一直是女性
0          1
0.859          0.141
要归功于一批具有国际水准的一流导演。导演张善宇便是上世纪90年代以来韩国最受关注的导演之一。1985年，张善宇
0          1
0.976          0.024
，一个是拿破仑，另一个就是海伦·凯勒。”美国《时代周刊》评选海伦·凯勒为“20世纪美国10大偶像之一”。并且
0          1
0.915          0.085
个就是海伦·凯勒。”美国《时代周刊》评选海伦·凯勒为“20世纪美国10大偶像之一”。并且她留给人们最大的
0          1
0.801          0.199
013年出演《妈，亲一下》，饰演柯景山。梁正群与女友相爱15年秘密离婚。台湾艺人梁正群与圈外女友Anita交往15
0          1
0.988          0.012
演柯景山。梁正群与女友相爱15年秘密离婚。台湾艺人梁正群与圈外女友Anita交往15年十分低调
0          1
0.750          0.250
，首次担任导演精心打造的电影“处女作”，新加坡金牌孪生音乐制作人李伟菘李偲菘老师也前来友情客串，此次受邀参演《栀子
0          1
0.927          0.073
迁往何地)移居今台北县新店直潭的。王家在台湾第一代祖先是王永庆的曾祖父王天来。王天来是在因灾荒随寡母
0          1
0.746          0.254
岭南大学，香港男演员、歌手。1994年，陈浩民为维他奶拍摄广告而加入娱乐圈，之后成为香港无线电视艺员。1995年推出首张唱片《
0          1
0.921          0.079
典礼的“叱咤乐坛大碟IFPI大奖”。同年张国荣作为香港歌手代表，参加于英国举行的亚洲流行音乐
0          1
0.721          0.279
江湖任其笑傲。（腾讯网评）在华人电影圈，陈可辛曾有着一种标杆性的启示意义。这位早年游走于好莱坞的香港导演，对现代娱乐工业的理解和掌握是如此
0          1
0.887          0.113
漫对白只会发生在他的电影里。（吴君如评）陈可辛心中唯一的香港演艺圈大哥，早就觉得他肯定成功。（曾志
0          1
0.937          0.063
杀了普罗大众对社会问题多面和深入的思维。卢觅雪也是香港的名嘴，曾于多家电视和电台主持过多档节
0          1
0.596          0.404
进步十倍”！导演萨姆·雷米也因此点名邀请林迪安再任第三集武术指导。来自香港的林迪安曾和袁和平一起参与设计了《黑客
0          1
0.986          0.014
实际为0，预测为1
罗泽南的功劳，加封为世袭的一云骑尉之职。罗泽南一生大部分时间生活于湖南，受到湖湘文化强烈而深刻的熏陶。湖湘文
0          1
0.192          0.808
陈列楼是一座艺术的殿堂。潘天寿美术馆位于浙江宁海潘天寿艺术中心。潘天寿艺术中心分综合展厅、书画艺术工作室、宁
0          1
0.405          0.595
高望重的教育家，更是著名的爱国主义学者。林伯襄，字襄。河南留学欧美预备学校第一任校长，著名教育家
0          1
0.017          0.983
。）韩家先世是凤阳人（今属安徽），后迁于长洲，乃书香门第。韩菼的曾祖、祖父和父亲都通过科举入仕，做过
0          1
0.159          0.841
划时代的科学家，我们怎么评价他都不为过。蒋英，“中国航天之父”的夫人，一位同样卓越的声乐学
0          1
0.023          0.977
(1225)六月，被任命为潼川知府，返回四川。秦九韶自幼生活在家乡，18岁时曾“在乡里为义
0          1
0.418          0.582
长艾瑞克·贾西堤、西雅图市长埃德·穆雷、芝加哥市长拉姆·伊曼纽尔等。
0          1
0.353          0.647
上海》后宣布息影。王祖贤的父亲王耀煌曾为台湾篮球队运动员，王祖贤继承了父亲的运动天赋，中学从崇光女中（
0          1
0.149          0.851
慈美均出生于台南市，早年因北上经商而定居台北，而除了父母，林志玲还有一位年长自己一岁的哥哥林志鸿。林志
0          1
0.018          0.982
时候组合有6名成员。这个组合还包括另一位韩国歌手Yuny Han。蔡妍也曾以Jinny或者Jinny Lee
0          1
0.176          0.824
挑战黑化角色，饰演被绑架十年后获救、回到香港实施报复的悲剧人物韦逸升。郭晋安出生于长州，原名郭亚（粤语发音同“阿”
0          1
0.044          0.956
达·埃莫瑞(Linda) ，是爱尔兰裔的美国白人姑娘，是李小龙在华盛顿大学期间的同学，1963年认识
0          1
0.026          0.974
成立香港华人女子高尔夫球总会。1994年郑文雅成为首名入选香港女子高尔夫球代队的华人，接着5年更连续
0          1
0.470          0.530
不傲、艳而不俗气质让她当之无愧的被冠以“香港美女”的称誉。不过，其中不为人知的是张凤妮3岁时已在水银灯下拍摄了她的第一部广告
0          1
0.477          0.523
入读了旧金山州立大学，但只取得了肄业证。罗佩芝天生丽质，而且自幼便富有歌唱天赋，在香港读中学时其歌唱才艺便为外界所知。197
0          1
0.118          0.882
2届恺撒奖荣誉奖。2018年7月17日，美国《福布斯》公布2018年全球名人收入榜，乔治·克鲁尼排名第二。乔治·克鲁尼出身在演员世家，
0          1
0.279          0.721
直在叱咤903主持过多个受欢迎电台节目。林海峰是香港潮流界的代表人物之一，有不少追随者。他
0          1
0.155          0.845
也专属于Stanley自有的音乐风格。由黄立行、韩裔美籍嘻哈天王级制作人Jae chong担
0          1
0.264          0.736
县政府决定搁置争议，投资500多万元修缮张国焘和胞弟张国庶故居。据上栗县发布的消息显示，由湖南省有关单位设计的
0          1
0.296          0.704
林奕华，1959年生人，香港文化界著名人物，舞台剧导演。林奕华1991 年创立“ 非常林奕华”剧团，
0          1
0.005          0.995
的汉堡二队，上场37场取得3个入球。由于林志坚姓氏Lam，与德国国家足球队队长拉姆（Lahm）相似，因
0          1
0.114          0.886
对手，取得新赛季首胜。本场比赛，华裔小将林志坚也首次亮相德甲赛场，结果他的表现也堪称惊艳，赛后被德国《图片报》打了全场最高分。在上场65分
0          1
0.430          0.570
日，从德国传来一个令人兴奋的消息。效力于汉堡的华裔小将林志坚入选了德国U20国家青年队，正在备战周
0          1
0.174          0.826
浙江，雍正年间沈氏家族中的一支继续南迁至福建侯官。嘉庆二十五年（1820年），沈葆桢出生于贫苦的读书人家庭，父亲沈廷枫以教
0          1
0.033          0.967
际著名双语作家、文艺评论家 厉振羽评）。鲍勃·迪伦颇具创造力的作品为美国文化甚至整个世界的文化界做出了很多贡献
0          1
0.215          0.785
念真真正的出生日，1952年8月5日则是吴念真身份证上所刊登的出生日，这在台湾身份证推行早期是常常发生的状况。195
0          1
0.262          0.738
被工人发现的，碑文详细记录了张柬之故园及张柬之在襄阳的部分情况，并详细记载了张柬之（汉阳王
0          1
0.210          0.790
