实际为1，预测为0
到灌阳县江口村老家。对国家命运心灰意冷的唐景崧，为摆脱烦忧，便请来戏班，终日闭门听戏消磨时光。灌阳与湖南交界。那里的地方戏与湖南南部的祁
0          1
1.000          0.000
，历迁任知县、同知、道员（加按察使衔）。罗泽南是湖南理学经世派的主要人物，一面反复研读“性
0          1
0.999          0.001
。整个河北笼罩在一片恐怖气氛中，这激发了河北人民更大的反抗情绪，酿成了刘六、刘七起义。刘六、刘七是河北霸州文安人
0          1
1.000          0.000
断。8 月 7 日，中央召开紧急会议后，舒传贤被派回家乡开展农民运动。他回到家乡霍山，利用串亲交友方式，宣传马列主义，成立
0          1
0.999          0.001
民劳动，他跟着干轻活。“三年困难时期”，安徽是重灾区，家乡亲友登门，刘健挺总是让家人节衣缩食，尽可能给予帮助，而
0          1
0.998          0.002
置。一天，监狱里押来一名大人物，此人乃是河北玉麒麟卢俊义，因为“反诗门”被打入大狱。蔡福收押了他后下班回家，一出门口便碰到讨饭
0          1
0.999          0.001
靖”。根据代县孙氏 《代州孙氏家乘》记载孙传庭始祖是明朝洪武初年迁居山西，其始迁祖孙成（生子：孙顺）在洪武年间
0          1
0.995          0.005
中国》2016年度特别致敬。刘晓彤的家在吉林延边，小的时候家里人都很喜欢排球，而且刘晓彤身高已经很高，于是便让她接触了排球这项
0          1
0.996          0.004
崇侯虎，为崇城（今陕西户县）国君，侯爵，名虎。《史记·殷本纪》中
0          1
0.999          0.001
界举行的追悼会上，毛主席送了亲笔挽词：“印度友人柯棣华大夫远道来华，援助抗日，在延安华北工作
0          1
1.000          0.000
念章。获颁纪念章的其中一位国际友人遗属是印度友人柯棣华医生的侄女苏曼加拉·博卡。柯棣华曾随同
0          1
0.999          0.001
，在顺德府城内（今邢台桥东区），祭祀籍贯邢州的谥号都为文贞的三大名相魏徵、宋璟和刘秉忠。祭词：“世间明贤，同产此邦，文章德业
0          1
1.000          0.000
肯。4月15日，美利坚合众国第16任总统亚伯拉罕·林肯与世长辞。布斯出身于美国戏剧界名门之后，他高超的演技一直是女性
0          1
0.975          0.025
要归功于一批具有国际水准的一流导演。导演张善宇便是上世纪90年代以来韩国最受关注的导演之一。1985年，张善宇
0          1
1.000          0.000
鲁定公，姬姓，名宋，为春秋诸侯国鲁国君主之一，是鲁国第二十五任君主。他为鲁昭公的弟弟，承袭
0          1
0.997          0.003
tional. Inc 简称HKI )由海伦·凯勒与其他美国人于1915年创建，宗旨是协助政府开展
0          1
0.714          0.286
013年出演《妈，亲一下》，饰演柯景山。梁正群与女友相爱15年秘密离婚。台湾艺人梁正群与圈外女友Anita交往15
0          1
1.000          0.000
志卷51《古迹．古城》中有：“朱襄城，在柘城县。按朱襄氏，伏羲之后。禅通纪，谓其都于朱，故号朱
0          1
0.988          0.012
父业，11岁设计第一双鞋子在去英国之前，周仰杰一直生活在出生地——马来西亚的槟城。父亲也是一名鞋匠，会做各式各样
0          1
0.731          0.269
夏，西乡团练头目得知曾国藩就任两江总督，安徽人李鸿章在幕中主持机要时，就公推曾任李文安幕僚
0          1
1.000          0.000
，王家后来一跃成为当地的有钱人家。如今，王永庆家族是台湾最有名望的大家族，家产丰厚，人丁兴盛。
0          1
0.999          0.001
0月19日生于中国香港，祖籍广东高明，是香港TVB80年代中后期的当家花旦之一。黎美娴1984年参加无线第2期艺员训练班出道
0          1
0.829          0.171
岭南大学，香港男演员、歌手。1994年，陈浩民为维他奶拍摄广告而加入娱乐圈，之后成为香港无线电视艺员。1995年推出首张唱片《
0          1
0.997          0.003
。还美其名曰百业兴旺，步步登高。一代宗师黄飞鸿，是南海著名武术家，在南派武术的发展中有着重要
0          1
0.998          0.002
月15日生于香港，影视演员。1994年，黄纪莹参选香港小姐，获得最上镜小姐。她当选后决定退学
0          1
0.750          0.250
弟：顾允成七世侄孙：顾皋顾宪成纪念馆，在无锡张泾镇元吉弄内，是顾宪成、顾允成兄弟诞生地。纪念馆内的端居堂面
0          1
0.974          0.026
诊断开创医疗影像技术的先河。1895年，德国物理学家威廉·康拉德·伦琴发现了X射线，为人类利用X射线诊断与治
0          1
0.683          0.317
江湖任其笑傲。（腾讯网评）在华人电影圈，陈可辛曾有着一种标杆性的启示意义。这位早年游走于好莱坞的香港导演，对现代娱乐工业的理解和掌握是如此
0          1
1.000          0.000
漫对白只会发生在他的电影里。（吴君如评）陈可辛心中唯一的香港演艺圈大哥，早就觉得他肯定成功。（曾志
0          1
1.000          0.000
杀了普罗大众对社会问题多面和深入的思维。卢觅雪也是香港的名嘴，曾于多家电视和电台主持过多档节
0          1
0.999          0.001
平轮的船主。上有一个姐姐（定居加拿大）。蔡康永是少数公开坦承同性恋性向的台湾知名人士，与男友刘坤龙（George）
0          1
1.000          0.000
进步十倍”！导演萨姆·雷米也因此点名邀请林迪安再任第三集武术指导。来自香港的林迪安曾和袁和平一起参与设计了《黑客
0          1
1.000          0.000
此点名邀请林迪安再任第三集武术指导。来自香港的林迪安曾和袁和平一起参与设计了《黑客帝国》的
0          1
1.000          0.000
仰的心情，来到湄洲来朝拜妈祖。妈祖林默和林则徐都是“九牧林氏”后代， 林则徐先祖世居莆田，后迁居福州。 妈祖是林则徐的“祖姑”。妈祖作为人
0          1
0.997          0.003
乐队主唱大张伟亲自操刀。一个是多才多艺的重庆辣妹，一个嘻嘻哈哈的创作型歌手，黄小蕾和大张伟的这次合作可谓是“刀光剑影”、
0          1
0.999          0.001
尼苏达州德卢斯城，6岁时全家移居到希宾。鲍勃·迪伦的父母是犹太人，他在美国明尼苏达州的一个中产阶级的犹太家庭中长大。并且，
0          1
0.998          0.002
实际为0，预测为1
高望重的教育家，更是著名的爱国主义学者。林伯襄，字襄。河南留学欧美预备学校第一任校长，著名教育家
0          1
0.000          1.000
慈美均出生于台南市，早年因北上经商而定居台北，而除了父母，林志玲还有一位年长自己一岁的哥哥林志鸿。林志
0          1
0.001          0.999
时候组合有6名成员。这个组合还包括另一位韩国歌手Yuny Han。蔡妍也曾以Jinny或者Jinny Lee
0          1
0.005          0.995
挑战黑化角色，饰演被绑架十年后获救、回到香港实施报复的悲剧人物韦逸升。郭晋安出生于长州，原名郭亚（粤语发音同“阿”
0          1
0.002          0.998
达·埃莫瑞(Linda) ，是爱尔兰裔的美国白人姑娘，是李小龙在华盛顿大学期间的同学，1963年认识
0          1
0.000          1.000
不傲、艳而不俗气质让她当之无愧的被冠以“香港美女”的称誉。不过，其中不为人知的是张凤妮3岁时已在水银灯下拍摄了她的第一部广告
0          1
0.008          0.992
2届恺撒奖荣誉奖。2018年7月17日，美国《福布斯》公布2018年全球名人收入榜，乔治·克鲁尼排名第二。乔治·克鲁尼出身在演员世家，
0          1
0.069          0.931
定是再删改的，他好无辜啊。”打造儿童剧由香港舞台剧大师詹瑞文创作及执导的儿童音乐剧《不得了！巫婆靓
0          1
0.028          0.972
林奕华，1959年生人，香港文化界著名人物，舞台剧导演。林奕华1991 年创立“ 非常林奕华”剧团，
0          1
0.000          1.000
工作是协助陈赓开展情报工作。1929年，王根英在上海生下了儿子陈知非，1931年4月，中央
0          1
0.452          0.548
的汉堡二队，上场37场取得3个入球。由于林志坚姓氏Lam，与德国国家足球队队长拉姆（Lahm）相似，因
0          1
0.304          0.696
日，从德国传来一个令人兴奋的消息。效力于汉堡的华裔小将林志坚入选了德国U20国家青年队，正在备战周
0          1
0.001          0.999
013年9月15日，德甲第五轮，华裔小将林志坚为汉堡首发登场对阵多特蒙德，并用一次精彩的世
0          1
0.003          0.997
员，司职中场，现效力于中超球队江苏舜天。李炽在广东青年队出道，2002年帮助广东雄鹰队在
0          1
0.010          0.990
