实际为1，预测为0
刘永福走完了一生的历史途程，在钦州老家溘然长逝
0          1
1.000          0.000
与唐景崧家乡广西毗邻的越南是中国的藩属国
0          1
0.999          0.001
罗泽南是湖南理学经世派的主要人物
0          1
0.971          0.029
舒传贤被派回家乡开展农民运动。他回到家乡霍山
0          1
1.000          0.000
安徽是重灾区，家乡亲友登门，刘健挺总是让家人节衣缩食
0          1
1.000          0.000
根据代县孙氏 《代州孙氏家乘》记载孙传庭始祖是明朝洪武初年迁居山西
0          1
0.853          0.147
刘晓彤的家在吉林延边
0          1
0.904          0.096
刘晓彤的家在吉林延边，小的时候家里人都很喜欢排球，而且刘晓彤身高已经很高
0          1
0.998          0.002
崇侯虎，为崇城（今陕西户县）国君
0          1
0.971          0.029
崇侯虎，为有崇氏（今陕西户县）国君
0          1
0.987          0.013
毛主席送了亲笔挽词：“印度友人柯棣华大夫远道来华
0          1
1.000          0.000
获颁纪念章的其中一位国际友人遗属是印度友人柯棣华医生的侄女苏曼加拉·博卡。柯棣华曾随同
0          1
1.000          0.000
祭祀籍贯邢州的谥号都为文贞的三大名相魏徵、宋璟和刘秉忠
0          1
1.000          0.000
美利坚合众国第16任总统亚伯拉罕·林肯与世长辞。布斯出身于美国戏剧界名门之后
0          1
0.977          0.023
导演张善宇便是上世纪90年代以来韩国最受关注的导演之一。1985年，张善宇
0          1
1.000          0.000
另一个就是海伦·凯勒。”美国《时代周刊》评选海伦·凯勒为“20世纪美国10大偶像之一”
0          1
0.890          0.110
个就是海伦·凯勒。”美国《时代周刊》评选海伦·凯勒为“20世纪美国10大偶像之一”
0          1
0.857          0.143
新加坡金牌孪生音乐制作人李伟菘李偲菘老师也前来友情客串
0          1
0.995          0.005
在柘城县。按朱襄氏
0          1
0.998          0.002
周仰杰一直生活在出生地——马来西亚的槟城
0          1
0.999          0.001
开的一本早期手抄本长坑王氏族普上就有包括王永庆在内的多名台湾名人的祖籍
0          1
0.550          0.450
王家在台湾第一代祖先是王永庆的曾祖父王天来
0          1
1.000          0.000
13年范植伟迁居北京，签约内地经纪公司。范植伟是台湾新竹县竹东镇的客家子弟
0          1
0.999          0.001
李准基作为韩国电影人的代表，参加时任韩国总统卢武铉的
0          1
0.999          0.001
一代宗师黄飞鸿，是南海著名武术家
0          1
0.916          0.084
弟：顾允成七世侄孙：顾皋顾宪成纪念馆，在无锡张泾镇元吉弄内，是顾宪成、顾允成兄弟诞生地
0          1
0.999          0.001
陈可辛曾有着一种标杆性的启示意义。这位早年游走于好莱坞的香港导演
0          1
1.000          0.000
（吴君如评）陈可辛心中唯一的香港演艺圈大哥
0          1
0.991          0.009
卢觅雪也是香港的名嘴
0          1
0.972          0.028
李丽华在上海出生，因为母亲是梨园艺人，李丽华在娘肚子里时受了不少苦
0          1
0.930          0.070
导演萨姆·雷米也因此点名邀请林迪安再任第三集武术指导。来自香港的林迪安曾和袁和平一起参与设计了《黑客
0          1
1.000          0.000
此点名邀请林迪安再任第三集武术指导。来自香港的林迪安曾和袁和平一起参与设计了《黑客帝国》的
0          1
1.000          0.000
妈祖林默和林则徐都是“九牧林氏”后代， 林则徐先祖世居莆田，后迁居福州。 妈祖是林则徐的“祖姑”
0          1
1.000          0.000
一个是多才多艺的重庆辣妹，一个嘻嘻哈哈的创作型歌手，黄小蕾和大张伟的这次合作可谓是“刀光剑影”、
0          1
1.000          0.000
实际为0，预测为1
全国人大代表熊维政河南省副省长张大为莅临公司参观指导全国人大代
0          1
0.058          0.942
蒋英，“中国航天之父”的夫人
0          1
0.004          0.996
李赛凤可以算是香港动作片头号女星
0          1
0.069          0.931
很多台湾企业家都将王永庆的管理经验当作最为实用的教科书
0          1
0.025          0.975
饰演被绑架十年后获救、回到香港实施报复的悲剧人物韦逸升。郭晋安出生于长州
0          1
0.001          0.999
是爱尔兰裔的美国白人姑娘，是李小龙在华盛顿大学期间的同学
0          1
0.016          0.984
翁美玲是家中独女，中学就读香港玫瑰岗学校
0          1
0.237          0.763
不傲、艳而不俗气质让她当之无愧的被冠以“香港美女”的称誉。不过，其中不为人知的是张凤妮3岁时已在水银灯下拍摄了她的第一部广告
0          1
0.022          0.978
2001年香港小姐季军朱凯婷
0          1
0.247          0.753
2001年香港小姐季军朱凯婷
0          1
0.247          0.753
美国《福布斯》公布2018年全球名人收入榜，乔治·克鲁尼排名第二。乔治·克鲁尼出身在演员世家
0          1
0.003          0.997
莫文蔚则成为首位香港代表
0          1
0.001          0.999
林海峰是香港潮流界的代表人物之一
0          1
0.002          0.998
由黄立行、韩裔美籍嘻哈天王级制作人Jae chong担
0          1
0.359          0.641
林奕华，1959年生人，香港文化界著名人物，舞台剧导演。林奕华1991 年创立“ 非常林奕华”剧团
0          1
0.003          0.997
徐志摩毕业于浙江一中
0          1
0.110          0.890
华裔小将林志坚也首次亮相德甲赛场，结果他的表现也堪称惊艳，赛后被德国《图片报》打了全场最高分
0          1
0.019          0.981
效力于汉堡的华裔小将林志坚入选了德国U20国家青年队
0          1
0.002          0.998
华裔小将林志坚为汉堡首发登场对阵多特蒙德
0          1
0.038          0.962
