实际为1，预测为0
用笔稚拙,偶尔皴以淡墨。约在1666年,石涛前往安徽宣城,因缘际会,结识梅清(1623-1697年,安徽宣城人,素有“黄山巨子”之雅称,
0          1
1.000          0.000
帝。垂拱元年（685年）秋八月戊寅（公历9月8日），李隆基生于东都洛阳。出生时其父李旦为帝，母窦
0          1
0.993          0.007
格局，被明代思想家李贽誉为“千古一帝”。秦始皇于秦昭王四十八年正月（公元前259年1月27日）出生，[10-12]出生地在当时的邯
0          1
0.550          0.450
、有作为的皇帝。宋仁宗庆历八年四月十日（1048年5月25日），赵顼在濮安懿王宫邸睦亲宅出生。是宋英宗赵曙
0          1
0.546          0.454
。著有长篇小说《铁皮鼓》、《猫与鼠》等。君特·格拉斯1927年出生于但泽市。父亲是德国商人，母亲为波
0          1
0.960          0.040
的赖姆。德国(前西德)职业网球男运动员（1984年—1999年），前单打世界排名第一。鲍里斯·贝克尔是6个大满贯单打冠军主（1985、86
0          1
0.562          0.438
亲王大成从中国台湾到美国留学并恋爱结婚。1966年，卢沛宁出生于美国新泽西州，在马里兰州长大。卢
0          1
0.981          0.019
天根，著有《爝火录》四十卷，则居无锡矣。李应升是李鹏翀之子，生于万历二十一年（1593年）。万历四十四年（1616年），进士一
0          1
0.765          0.235
清华大学五道口金融学院理事会名誉理事长。1930年，刘鸿儒出生于东北吉林省榆树县，和当时的大多数
0          1
0.896          0.104
博,邢凯轩,张兆艺个人书籍《快乐我作主》1991年出生的李瑞今年已经27岁，成名后淡出娱乐圈，后到
0          1
0.999          0.001
义者，但他的幻想持续影响迄今，甚至明天。保罗·波烈,这位充满幻想的时装大师于1879年4月生于巴黎,他的一生和事业都在巴黎,他在
0          1
0.841          0.159
，主演的青春校园励志剧《极光之恋》播出。1997年，关晓彤出生于北京市的一个艺术世家，由于家庭文
0          1
0.998          0.002
辑，造型足迹现在已经遍布两岸三地。姓名：陈孙华昵称：小孙哥、姥姥、太后、天后生日：1967年2月6日职业：造型师于1990年开始，出版了台
0          1
0.968          0.032
闪亮的马蒂斯系列散发着浓郁的布拉斯气息。1922年比尔·布拉斯出生于美国印第安纳州的韦恩，他的父亲是
0          1
0.991          0.009
和设计杂志选为最具潜力的亚洲设计师之一。傅厚民(1975年)家世：已故赌王傅老榕孙儿、名媛傅洁恩
0          1
0.998          0.002
誉称号。施光南音乐广场在渝落成人民音乐家施光南1940年生于重庆南山，父母为他取名光南，含有“
0          1
0.988          0.012
4月13日在伦敦赛德勒之井剧院世界首演。王亚彬1984年出生于天津，1990年开始学习舞蹈。1
0          1
0.994          0.006
么冷。2006年主持超视《超级同花顺》。1958年8月，沈孟生出生在台北一个军人家庭，自幼就调皮捣蛋
0          1
0.976          0.024
黄嘉祥，1949年1月出生于上海南市区.1953年迁居江苏启
0          1
0.964          0.036
事后还钱却一拖再拖，还把该女粉丝拉黑了。1974年，刘小光出生于吉林省桦甸市的一个农村家庭，自小
0          1
0.973          0.027
年9月27日，推出个人单曲《四季不败》。郝云1979年出生于河南省郑州市，因为父母任职于石油
0          1
0.988          0.012
库以外，在他的财力上受到最少可能的激动。1723年亚当·斯密出生在苏格兰法夫郡（County Fi
0          1
0.555          0.445
723～1790）是经济学的主要创立者。1723年亚当·斯密出生在苏格兰法夫郡（County Fi
0          1
0.555          0.445
安派”或“公安体”。隆庆二年十二月六日（1568年12月23日），袁宏道出生，出身官宦家庭。少年时期生活富裕，
0          1
0.515          0.485
实际为0，预测为1
虚幻世界。被誉为具有颠覆性的创新艺术家。马克斯·恩斯特（MaxErnst，1891-1976年），德国出生的画家和雕塑家。达达主义和
0          1
0.054          0.946
称为“和平将军”。有张治中故居留作纪念。张治中生于光绪16年（1890年）10月27日，其祖父是农
0          1
0.278          0.722
获国家奖金。1955年获列宁和平奖金。 1956年8月14日布莱希特逝世于柏林。贝尔托·布莱希特1898年2月10日出生在巴伐利亚的奥
0          1
0.035          0.965
百卷。《全宋诗》录有其诗。赵受益（后改名赵祯）生于大中祥符三年四月十四日（1010年5月12日），他是宋真宗赵
0          1
0.201          0.799
芭芭拉·布什（1925年6月8日-2018年4月17日），美国前第一夫人。在美国，一提起芭芭
0          1
0.027          0.973
，金东区建有施光南音乐广场。“音盲”家庭1940年，施光南诞生在山城重庆。4岁的时候，在小学当校
0          1
0.191          0.809
田德忠，男，1921年出生，1947年牺牲。田德忠，男，1921年出生，1947年牺牲。
0          1
0.091          0.909
47年牺牲。田德忠，男，1921年出生，1947年牺牲。田德忠
0          1
0.170          0.830
，自此国力日强，为秦统一中国奠定了基础。秦孝公于秦献公四年（公元前381年）12月6日出生。秦献公二十三年（公元前362年）
0          1
0.421          0.579
