实际为1，预测为0
到<v>县江口村老家。对国家命运心灰意冷的<e>，为摆脱烦忧，便请来戏班，终日闭门听戏消磨时光。<v>与湖南交界。那里的地方戏与湖南南部的祁
0          1
0.965          0.035
们留存的近当代书籍收藏全部拍卖，所得款在<v>建了两座教学楼，设立“<v>、张刚奖助学金”。截至2016年，已有
0          1
0.998          0.002
置。一天，监狱里押来一名大人物，此人乃是<v>玉麒麟卢俊义，因为“反诗门”被打入大狱。<e>收押了他后下班回家，一出门口便碰到讨饭
0          1
0.961          0.039
元年（194年）至2年（195年）期间，<e>曾任<v>从事，并助程昱、荀彧等人坚守鄄城县、范
0          1
0.995          0.005
。）韩家先世是凤阳人（今属安徽），后迁于<v>，乃书香门第。<v>的曾祖、祖父和父亲都通过科举入仕，做过
0          1
0.903          0.097
题。2002年，带着淘金梦想，一脸稚气的<e>只身从<v>来到了广东。从一个业务员起步，他叩开了
0          1
0.988          0.012
界举行的追悼会上，毛主席送了亲笔挽词：“<v>友人<e>大夫远道来华，援助抗日，在延安华北工作
0          1
0.960          0.040
家，元世祖赐金百两为治葬之用，且遣使送至<v>。服丧期满，便召还至和林。<e>至和林后上书数千百言。元世祖对他的这番
0          1
0.996          0.004
世祖对他的这番议论，甚为赞赏，均加采纳。<e>又上言道：“<v>户口原有万余，自兴兵以来都不满数百，若
0          1
0.996          0.004
，在顺德府城内（今邢台桥东区），祭祀籍贯<v>的谥号都为文贞的三大名相魏徵、宋璟和<e>。祭词：“世间明贤，同产此邦，文章德业
0          1
0.962          0.038
013年出演《妈，亲一下》，饰演柯景山。<e>与女友相爱15年秘密离婚<v>艺人<e>与圈外女友Anita交往15
0          1
0.993          0.007
演柯景山。<e>与女友相爱15年秘密离婚<v>艺人<e>与圈外女友Anita交往15年十分低调
0          1
0.970          0.030
，首次担任导演精心打造的电影“处女作”，<v>金牌孪生音乐制作人李伟菘<e>老师也前来友情客串，此次受邀参演《栀子
0          1
0.928          0.072
动作片中的天使”。（《上海电视周刊》评）<e>，20世纪八十年代到九十年代，红极一时的<v>动作武打女星，代表作有《越女剑》、《天
0          1
0.942          0.058
夏，西乡团练头目得知曾国藩就任两江总督，<v>人<e>在幕中主持机要时，就公推曾任李文安幕僚
0          1
0.995          0.005
，王家后来一跃成为当地的有钱人家。如今，<e>家族是<v>最有名望的大家族，家产丰厚，人丁兴盛。
0          1
0.739          0.261
邮政首次为港台及海外艺人发行的专属邮票，<e>则成为首位<v>代表。2010年、2011年、2012
0          1
0.989          0.011
江湖任其笑傲。（腾讯网评）在华人电影圈，<e>曾有着一种标杆性的启示意义。这位早年游走于好莱坞的<v>导演，对现代娱乐工业的理解和掌握是如此
0          1
0.915          0.085
杀了普罗大众对社会问题多面和深入的思维。<e>也是<v>的名嘴，曾于多家电视和电台主持过多档节
0          1
0.986          0.014
平轮的船主。上有一个姐姐（定居加拿大）。<e>是少数公开坦承同性恋性向的<v>知名人士，与男友刘坤龙（George）
0          1
0.957          0.043
尼苏达州德卢斯城，6岁时全家移居到希宾。<e>的父母是犹太人，他在<v>的一个中产阶级的犹太家庭中长大。并且，
0          1
0.921          0.079
实际为0，预测为1
全国各族人民的拥护。1917年元月9日，<e>走完了一生的历史途程，在<v>老家溘然长逝，终年80岁，葬于惠州城内
0          1
0.032          0.968
]2.[1]李干芬.<e>评传[J]. <v>民族研究， 19923.<e>评传．中华文史网[引用日期2014-1
0          1
0.330          0.670
高等教育出版社，1988年：425.钦州<e>故居．<v>新闻网[引用日期2014-10-27]
0          1
0.016          0.984
社，1988年：425.钦州<e>故居．<v>新闻网[引用日期2014-10-27]6.<e>故居——三宣堂．新华网<v>频道[引用日
0          1
0.035          0.965
闻网[引用日期2014-10-27]6.<e>故居——三宣堂．新华网<v>频道[引用日期2014-10-27]7
0          1
0.026          0.974
的他，总想寻机闯荡一番惊天动地之事业。与<e>家乡<v>毗邻的越南是中国的藩属国。法国早就对越
0          1
0.033          0.967
，历迁任知县、同知、道员（加按察使衔）。<v>是<v>理学经世派的主要人物，一面反复研读“性
0          1
0.341          0.659
连40余人准备打回老家－大别山区，转战至<e>烂泥坳，又遭到敌人大部队围击，伤亡很大。<v>并没有灰心，他找到当地的党组织，安置好
0          1
0.373          0.627
高望重的教育家，更是著名的爱国主义学者。<v>，字襄。<v>留学欧美预备学校第一任校长，著名教育家
0          1
0.014          0.986
。<e>（1883—1913），字可楼，<v>人。二十世纪初，<e>从偏远的大别山区走出，闻革命风气之先，
0          1
0.003          0.997
划时代的科学家，我们怎么评价他都不为过。<e>，“<v>航天之父”的夫人，一位同样卓越的声乐学
0          1
0.022          0.978
(1225)六月，被任命为潼川知府，返回<v>。<e>自幼生活在家乡，18岁时曾“在乡里为义
0          1
0.147          0.853
<e>，<v>、奥地利民族学家，语言学家，宗教史学家
0          1
0.003          0.997
所长。1937年被选为教皇科学院院士 。<e>，<v>、奥地利民族学家，语言学家，宗教史学家
0          1
0.005          0.995
要归功于一批具有国际水准的一流导演。导演<e>便是上世纪90年代以来<v>最受关注的导演之一。1985年，<e>
0          1
0.272          0.728
<e>，姬姓，名宋，为春秋诸侯国<v>君主之一，是<v>第二十五任君主。他为鲁昭公的弟弟，承袭
0          1
0.305          0.695
事建筑据可靠消息透露，钟某全名钟石（又名<e>）在<v>、上海、广州等地从事财经及建筑，他负责
0          1
0.136          0.864
慈美均出生于台南市，早年因北上经商而定居<v>，而除了父母，<e>还有一位年长自己一岁的哥哥林志鸿。林志
0          1
0.013          0.987
，直至公义获得彰显。”台塑王家可称得上是<v>的豪富之家，其灵魂人物<e>多次被评为“<v>首富”。他先后娶了三位
0          1
0.040          0.960
王家可称得上是<v>的豪富之家，其灵魂人物<e>多次被评为“<v>首富”。他先后娶了三位太太，大太太是童
0          1
0.064          0.936
届釜山国际电影节闭幕式。1966年夏天，<e>出生两个多月后便随父母从<v>去往贵阳，之后在贵阳生活了13年，孩提
0          1
0.091          0.909
挑战黑化角色，饰演被绑架十年后获救、回到<v>实施报复的悲剧人物韦逸升。<e>出生于长州，原名郭亚（粤语发音同“阿”
0          1
0.009          0.991
达·埃莫瑞(Linda) ，是爱尔兰裔的<v>白人姑娘，是<e>在华盛顿大学期间的同学，1963年认识
0          1
0.008          0.992
视此事。作为<v>著名实业家霍英东的长子，<e>在<v>颇受关注。他身兼数职，不仅是<v>立法会
0          1
0.036          0.964
饱满、张弛有度，获得观众好评。 美丽的“<v>小姐”<e>已过而立之年，出道十二年，她的情事，人
0          1
0.190          0.810
石破天惊”来形容她的靓。接下来的日子里，<e>就等于“美人”代名词，<v>寻十大“靓人”都少不了她。也因为人太美
0          1
0.204          0.796
来的日子里，<e>就等于“美人”代名词，<v>寻十大“靓人”都少不了她。也因为人太美了，围绕着<e>的新闻都和美丽脱不了关系，保养驻颜是其
0          1
0.438          0.562
入读了旧金山州立大学，但只取得了肄业证。<e>天生丽质，而且自幼便富有歌唱天赋，在<v>读中学时其歌唱才艺便为外界所知。197
0          1
0.069          0.931
2001年<v>小姐季军<e>，以天使的美貌，魔鬼的身材，在中国创下
0          1
0.113          0.887
弟：顾允成七世侄孙：顾皋<e>纪念馆，在<v>张泾镇元吉弄内，是<e>、顾允成兄弟诞生地。纪念馆内的端居堂面
0          1
0.007          0.993
地小报记者发现，拍了张照片。照片照出来的<e>是一个清秀美丽的纯<v>女孩形象，一致被看好，辛迪干脆辞了她的
0          1
0.270          0.730
2届恺撒奖荣誉奖。2018年7月17日，<v>《福布斯》公布2018年全球名人收入榜，<e>排名第二。<e>出身在演员世家，
0          1
0.139          0.861
定是再删改的，他好无辜啊。”打造儿童剧由<v>舞台剧大师<e>创作及执导的儿童音乐剧《不得了！巫婆靓
0          1
0.304          0.696
战事》正式宣布中国内地定档11月11日。<e>的父亲是<v>教育家李升，母亲是李杨思庄，胞弟李岗和
0          1
0.259          0.741
也专属于Stanley自有的音乐风格。由<e>、韩裔<v>籍嘻哈天王级制作人Jae chong担
0          1
0.016          0.984
<e>，1959年生人，<v>文化界著名人物，舞台剧导演。<e>1991 年创立“ 非常<e>”剧团，
0          1
0.007          0.993
工作是协助陈赓开展情报工作。1929年，<e>在<v>生下了儿子陈知非，1931年4月，中央
0          1
0.104          0.896
身之前的1933年12月，由于叛徒出卖，<e>在家里被捕，被关进了<v>提篮桥监狱。<e>被判有期徒刑8年，后
0          1
0.219          0.781
识和技术，而且达到了更高的水平。可以说，<e>专家已经能独自胜任保存<e>遗体的任务。为了使<e>遗体保存得尽善
0          1
0.384          0.616
的汉堡二队，上场37场取得3个入球。由于<e>姓氏Lam，与<v>国家足球队队长拉姆（Lahm）相似，因
0          1
0.063          0.937
对手，取得新赛季首胜。本场比赛，华裔小将<e>也首次亮相德甲赛场，结果他的表现也堪称惊艳，赛后被<v>《图片报》打了全场最高分。在上场65分
0          1
0.105          0.895
日，从德国传来一个令人兴奋的消息。效力于<v>的华裔小将<e>入选了德国U20国家青年队，正在备战周
0          1
0.156          0.844
一个令人兴奋的消息。效力于汉堡的华裔小将<e>入选了<v>U20国家青年队，正在备战周末同波兰的
0          1
0.175          0.825
013年9月15日，德甲第五轮，华裔小将<e>为<v>首发登场对阵多特蒙德，并用一次精彩的世
0          1
0.116          0.884
0年6月26日，<v>政府在馆内开辟了“<v>禁毒教育基地”。<e>故居（云左山房）又名“云左山房”，位于
0          1
0.061          0.939
浙江，雍正年间沈氏家族中的一支继续南迁至<v>侯官。嘉庆二十五年（1820年），<e>出生于贫苦的读书人家庭，父亲沈廷枫以教
0          1
0.084          0.916
乐队主唱大张伟亲自操刀。一个是多才多艺的<v>辣妹，一个嘻嘻哈哈的创作型歌手，<e>和大张伟的这次合作可谓是“刀光剑影”、
0          1
0.422          0.578
员，司职中场，现效力于中超球队江苏舜天。<e>在<v>青年队出道，2002年帮助<v>雄鹰队在
0          1
0.031          0.969
家协会会员、高级摄影师、中国优秀摄影家、<v>首批“五个一批”人才。<e>摄影作品在省级以上报刊发表数千幅，中国
0          1
0.032          0.968
被工人发现的，碑文详细记录了<e>故园及<e>在<v>的部分情况，并详细记载了<e>（汉阳王
0          1
0.056          0.944
现的，碑文详细记录了<e>故园及<e>在<v>的部分情况，并详细记载了<e>（汉阳王）墓的地点，具有非常高的史料价
0          1
0.174          0.826
资产超过十亿美元的富豪之列。1998年列<v>百大富豪第十一位。<e>于1988年6月被聘为台“总统府国策顾
0          1
0.021          0.979
