实际为1，预测为0
们留存的近当代书籍收藏全部拍卖，所得款在<属性>建了两座教学楼，设立“<属性>、张刚奖助学金”。截至2016年，已有
0          1
0.996          0.004
的靶上，零环。而德贝维奇也仅仅打了8环。<属性>，这个来自信阳的射击老将，为<属性>，也为中国赢得了奥运会冠军，煮熟的鸭子
0          1
0.517          0.483
置。一天，监狱里押来一名大人物，此人乃是<属性>玉麒麟卢俊义，因为“反诗门”被打入大狱。<实体>收押了他后下班回家，一出门口便碰到讨饭
0          1
0.995          0.005
元年（194年）至2年（195年）期间，<实体>曾任<属性>从事，并助程昱、荀彧等人坚守鄄城县、范
0          1
0.994          0.006
。）韩家先世是凤阳人（今属安徽），后迁于<属性>，乃书香门第。<属性>的曾祖、祖父和父亲都通过科举入仕，做过
0          1
0.587          0.413
题。2002年，带着淘金梦想，一脸稚气的<实体>只身从<属性>来到了广东。从一个业务员起步，他叩开了
0          1
0.994          0.006
<实体>，为崇城（今<属性>）国君，侯爵，名虎。《史记·殷本纪》中
0          1
0.959          0.041
征伐。在保卫商朝边境安宁方面做出了贡献。<实体>，为有崇氏（今<属性>）国君，侯爵，名虎。受商封为侯，是纣王
0          1
0.909          0.091
家，元世祖赐金百两为治葬之用，且遣使送至<属性>。服丧期满，便召还至和林。<实体>至和林后上书数千百言。元世祖对他的这番
0          1
0.995          0.005
世祖对他的这番议论，甚为赞赏，均加采纳。<实体>又上言道：“<属性>户口原有万余，自兴兵以来都不满数百，若
0          1
0.995          0.005
，在顺德府城内（今邢台桥东区），祭祀籍贯<属性>的谥号都为文贞的三大名相魏徵、宋璟和<实体>。祭词：“世间明贤，同产此邦，文章德业
0          1
0.994          0.006
，首次担任导演精心打造的电影“处女作”，<属性>金牌孪生音乐制作人李伟菘<实体>老师也前来友情客串，此次受邀参演《栀子
0          1
0.773          0.227
动作片中的天使”。（《上海电视周刊》评）<实体>，20世纪八十年代到九十年代，红极一时的<属性>动作武打女星，代表作有《越女剑》、《天
0          1
0.969          0.031
邮政首次为港台及海外艺人发行的专属邮票，<实体>则成为首位<属性>代表。2010年、2011年、2012
0          1
0.990          0.010
典礼的“叱咤乐坛大碟IFPI大奖”。同年<实体>作为<属性>歌手代表，参加于英国举行的亚洲流行音乐
0          1
0.714          0.286
杀了普罗大众对社会问题多面和深入的思维。<实体>也是<属性>的名嘴，曾于多家电视和电台主持过多档节
0          1
0.657          0.343
<实体>，男，<属性>MV拍摄导演。先后执导过张学友、彭羚和
0          1
0.813          0.187
平轮的船主。上有一个姐姐（定居加拿大）。<实体>是少数公开坦承同性恋性向的<属性>知名人士，与男友刘坤龙（George）
0          1
0.899          0.101
进步十倍”！导演萨姆·雷米也因此点名邀请<实体>再任第三集武术指导。来自<属性>的<实体>曾和袁和平一起参与设计了《黑客
0          1
0.995          0.005
此点名邀请<实体>再任第三集武术指导。来自<属性>的<实体>曾和袁和平一起参与设计了《黑客帝国》的
0          1
0.993          0.007
实际为0，预测为1
全国各族人民的拥护。1917年元月9日，<实体>走完了一生的历史途程，在<属性>老家溘然长逝，终年80岁，葬于惠州城内
0          1
0.089          0.911
高等教育出版社，1988年：425.钦州<实体>故居．<属性>新闻网[引用日期2014-10-27]
0          1
0.090          0.910
社，1988年：425.钦州<实体>故居．<属性>新闻网[引用日期2014-10-27]6.<实体>故居——三宣堂．新华网<属性>频道[引用日
0          1
0.102          0.898
闻网[引用日期2014-10-27]6.<实体>故居——三宣堂．新华网<属性>频道[引用日期2014-10-27]7
0          1
0.138          0.862
的他，总想寻机闯荡一番惊天动地之事业。与<实体>家乡<属性>毗邻的越南是中国的藩属国。法国早就对越
0          1
0.068          0.932
，历迁任知县、同知、道员（加按察使衔）。<属性>是<属性>理学经世派的主要人物，一面反复研读“性
0          1
0.021          0.979
<属性>的功劳，加封为世袭的一云骑尉之职。<属性>一生大部分时间生活于<属性>，受到湖湘文化强烈而深刻的熏陶。湖湘文
0          1
0.090          0.910
高望重的教育家，更是著名的爱国主义学者。<属性>，字襄。<属性>留学欧美预备学校第一任校长，著名教育家
0          1
0.019          0.981
。<实体>（1883—1913），字可楼，<属性>人。二十世纪初，<实体>从偏远的大别山区走出，闻革命风气之先，
0          1
0.002          0.998
划时代的科学家，我们怎么评价他都不为过。<实体>，“<属性>航天之父”的夫人，一位同样卓越的声乐学
0          1
0.007          0.993
仔女便由<属性>来港陪他。秦汉的女儿好怕丑，<实体>在<属性>是填词人。秦汉称仔女的性格截然不同，以
0          1
0.008          0.992
<实体>，<属性>、奥地利民族学家，语言学家，宗教史学家
0          1
0.003          0.997
所长。1937年被选为教皇科学院院士 。<实体>，<属性>、奥地利民族学家，语言学家，宗教史学家
0          1
0.003          0.997
要归功于一批具有国际水准的一流导演。导演<实体>便是上世纪90年代以来<属性>最受关注的导演之一。1985年，<实体>
0          1
0.228          0.772
获得两岸约八成观众力挺获奖的支持。同年，<实体>在<属性>媒体的票选中，当选“<属性>第一帅哥”。又
0          1
0.270          0.730
南昌大学戏剧影视学院名誉院长。金马奖主席<实体>一直是<属性>年轻影人的幕后推手。
0          1
0.155          0.845
<属性>金曲奖星光大道的主持人；而在这一年，<实体>还被太<属性>媒体评选为了“<属性>第一美女”。2004年，<实体>开始逐渐
0          1
0.113          0.887
慈美均出生于台南市，早年因北上经商而定居<属性>，而除了父母，<实体>还有一位年长自己一岁的哥哥林志鸿。林志
0          1
0.085          0.915
，直至公义获得彰显。”台塑王家可称得上是<属性>的豪富之家，其灵魂人物<实体>多次被评为“<属性>首富”。他先后娶了三位
0          1
0.038          0.962
王家可称得上是<属性>的豪富之家，其灵魂人物<实体>多次被评为“<属性>首富”。他先后娶了三位太太，大太太是童
0          1
0.025          0.975
时候组合有6名成员。这个组合还包括另一位<属性>歌手Yuny Han。<实体>也曾以Jinny或者Jinny Lee
0          1
0.189          0.811
投资和经营的成功，<实体>以5亿的家产稳坐<属性>炒楼女明星第一人，<实体>变成了身家达5亿的富豪。2003年开始
0          1
0.077          0.923
保值、股票上成功，<实体>以5亿的家产稳坐<属性>炒楼女明星第一人。<实体>爱好养犬，养有爱犬Cash和Euro，
0          1
0.175          0.825
挑战黑化角色，饰演被绑架十年后获救、回到<属性>实施报复的悲剧人物韦逸升。<实体>出生于长州，原名郭亚（粤语发音同“阿”
0          1
0.008          0.992
达·埃莫瑞(Linda) ，是爱尔兰裔的<属性>白人姑娘，是<实体>在华盛顿大学期间的同学，1963年认识
0          1
0.007          0.993
度失去信心。金像奖奖杯的原型是1979年<属性>小姐选美冠军——<实体>。从1991年第十届<属性>电影金像奖开始
0          1
0.486          0.514
成立<属性>华人女子高尔夫球总会。1994年<实体>成为首名入选<属性>女子高尔夫球代队的华人，接着5年更连续
0          1
0.320          0.680
与关之琳、张曼玉、王祖贤齐名（网易评）。<实体>就像一只美丽的孔雀（成龙评），她被誉为“<属性>的玛丽莲梦露”。港姐出身的她在当时是很
0          1
0.285          0.715
视此事。作为<属性>著名实业家霍英东的长子，<实体>在<属性>颇受关注。他身兼数职，不仅是<属性>立法会
0          1
0.290          0.710
摘得第35枚金牌，当晚为郭晶晶颁奖的正是<属性>奥委会会长<实体>。不过郭晶晶与<实体>之间除了握手之外，
0          1
0.188          0.812
饱满、张弛有度，获得观众好评。 美丽的“<属性>小姐”<实体>已过而立之年，出道十二年，她的情事，人
0          1
0.035          0.965
不傲、艳而不俗气质让她当之无愧的被冠以“<属性>美女”的称誉。不过，其中不为人知的是<实体>3岁时已在水银灯下拍摄了她的第一部广告
0          1
0.050          0.950
奖优异奖”。1991年，开始淡出演艺圈。<实体>毕业于<属性>梁式芝书院，曾任旅游机构文员。1986
0          1
0.212          0.788
2001年<属性>小姐季军<实体>，以天使的美貌，魔鬼的身材，在中国创下
0          1
0.072          0.928
上3卡求婚钻戒及钻石手镯出嫁。2001年<属性>小姐季军<实体>，昨天(9月24日)与相识5年，32岁
0          1
0.260          0.740
弟：顾允成七世侄孙：顾皋<实体>纪念馆，在<属性>张泾镇元吉弄内，是<实体>、顾允成兄弟诞生地。纪念馆内的端居堂面
0          1
0.250          0.750
法很不一致。不过历代多数书家认为创始人是<实体>。东汉末年蔡瑁《劝学篇》中说：“<属性>次仲，初变古形”。《晋书·卫恒传》:“
0          1
0.099          0.901
地小报记者发现，拍了张照片。照片照出来的<实体>是一个清秀美丽的纯<属性>女孩形象，一致被看好，辛迪干脆辞了她的
0          1
0.011          0.989
2届恺撒奖荣誉奖。2018年7月17日，<属性>《福布斯》公布2018年全球名人收入榜，<实体>排名第二。<实体>出身在演员世家，
0          1
0.084          0.916
直在叱咤903主持过多个受欢迎电台节目。<实体>是<属性>潮流界的代表人物之一，有不少追随者。他
0          1
0.020          0.980
定是再删改的，他好无辜啊。”打造儿童剧由<属性>舞台剧大师<实体>创作及执导的儿童音乐剧《不得了！巫婆靓
0          1
0.136          0.864
》一片。在这部陈耀成编导的政治文艺片中，<实体>饰演一位<属性>舞蹈家。影片透过她写信给著名瑞典女星莉
0          1
0.342          0.658
)一片。在这部陈耀成编导的政治文艺片中，<实体>饰演一位<属性>舞蹈家。影片透过她写信给著名瑞典女星莉
0          1
0.435          0.565
也专属于Stanley自有的音乐风格。由<实体>、韩裔<属性>籍嘻哈天王级制作人Jae chong担
0          1
0.009          0.991
县政府决定搁置争议，投资500多万元修缮<实体>和胞弟张国庶故居。据<属性>发布的消息显示，由湖南省有关单位设计的
0          1
0.212          0.788
<实体>，1959年生人，<属性>文化界著名人物，舞台剧导演。<实体>1991 年创立“ 非常<实体>”剧团，
0          1
0.003          0.997
工作是协助陈赓开展情报工作。1929年，<实体>在<属性>生下了儿子陈知非，1931年4月，中央
0          1
0.036          0.964
的汉堡二队，上场37场取得3个入球。由于<实体>姓氏Lam，与<属性>国家足球队队长拉姆（Lahm）相似，因
0          1
0.125          0.875
职员向汉堡发出电邮查证<实体>身份。不过，<实体>的出色表现，亦引起<属性>国家足球队教练约阿希姆·勒夫注意，可能
0          1
0.348          0.652
对手，取得新赛季首胜。本场比赛，华裔小将<实体>也首次亮相德甲赛场，结果他的表现也堪称惊艳，赛后被<属性>《图片报》打了全场最高分。在上场65分
0          1
0.107          0.893
日，从德国传来一个令人兴奋的消息。效力于<属性>的华裔小将<实体>入选了德国U20国家青年队，正在备战周
0          1
0.031          0.969
一个令人兴奋的消息。效力于汉堡的华裔小将<实体>入选了<属性>U20国家青年队，正在备战周末同波兰的
0          1
0.093          0.907
球员身披<属性>队战袍出战。这对于他为勒夫的<属性>国家队出场比赛梦想又进了一步。从相貌上看，<实体>更多遗传了香港老爸的华人面容，有网友称
0          1
0.380          0.620
013年9月15日，德甲第五轮，华裔小将<实体>为<属性>首发登场对阵多特蒙德，并用一次精彩的世
0          1
0.139          0.861
仰的心情，来到湄洲来朝拜妈祖。妈祖林默和<实体>都是“九牧林氏”后代， <实体>先祖世居莆田，后迁居<属性>。 妈祖是<实体>的“祖姑”。妈祖作为人
0          1
0.160          0.840
0年6月26日，<属性>政府在馆内开辟了“<属性>禁毒教育基地”。<实体>故居（云左山房）又名“云左山房”，位于
0          1
0.389          0.611
浙江，雍正年间沈氏家族中的一支继续南迁至<属性>侯官。嘉庆二十五年（1820年），<实体>出生于贫苦的读书人家庭，父亲沈廷枫以教
0          1
0.004          0.996
乐队主唱大张伟亲自操刀。一个是多才多艺的<属性>辣妹，一个嘻嘻哈哈的创作型歌手，<实体>和大张伟的这次合作可谓是“刀光剑影”、
0          1
0.047          0.953
员，司职中场，现效力于中超球队江苏舜天。<实体>在<属性>青年队出道，2002年帮助<属性>雄鹰队在
0          1
0.159          0.841
拉·奈尔看来，除了<属性>人之外，没有人会拍<属性>的故事，更没有人会在银幕上关心<属性>人。<实体>的大部分电影里都透露着鲜明的纪实色彩，
0          1
0.048          0.952
念真真正的出生日，1952年8月5日则是<实体>身份证上所刊登的出生日，这在<属性>身份证推行早期是常常发生的状况。195
0          1
0.170          0.830
资产超过十亿美元的富豪之列。1998年列<属性>百大富豪第十一位。<实体>于1988年6月被聘为台“总统府国策顾
0          1
0.049          0.951
