实际为1，预测为0
到<pla55>县江口村老家。对国家命运心灰意冷的<e>，为摆脱烦忧，便请来戏班，终日闭门听戏消磨时光。<pla55>与<pla61>交界。那里的地方戏与<pla61>南部的祁
0          1
0.574          0.426
们留存的近当代书籍收藏全部拍卖，所得款在<v>建了两座教学楼，设立“<v>、<per28>奖助学金”。截至<dat46>，已有
0          1
0.993          0.007
置。一天，监狱里押来一名大人物，此人乃是<v>玉麒麟卢俊义，因为“反诗门”被打入大狱。<e>收押了他后下班回家，一出门口便碰到讨饭
0          1
0.980          0.020
元年（<dat41>）至2年（<dat32>）期间，<e>曾任<v>从事，并助程昱、<per82>等人坚守<pla40>、范
0          1
0.996          0.004
。）韩家先世是凤阳人（今属<pla29>），后迁于<v>，乃书香门第。<v>的曾祖、祖父和父亲都通过科举入仕，做过
0          1
0.769          0.231
题。<dat15>，带着淘金梦想，一脸稚气的<e>只身从<v>来到了<pla95>。从一个业务员起步，他叩开了
0          1
0.994          0.006
界举行的追悼会上，毛主席送了亲笔挽词：“<v>友人<e>大夫远道来华，援助抗日，在延安华北工作
0          1
0.912          0.088
念章。获颁纪念章的其中一位国际友人遗属是<v>友人<per93>医生的侄女<per31>。<per93>曾随同
0          1
0.955          0.045
家，<per91>赐金百两为治葬之用，且遣使送至<v>。服丧期满，便召还至和林。<e>至和林后上书数千百言。<per91>对他的这番
0          1
0.995          0.005
世祖对他的这番议论，甚为赞赏，均加采纳。<e>又上言道：“<v>户口原有万余，自兴兵以来都不满数百，若
0          1
0.994          0.006
，在顺德府城内（今<pla51>），祭祀籍贯<v>的谥号都为文贞的三大名相魏徵、宋璟和<e>。祭词：“世间明贤，同产此邦，文章德业
0          1
0.877          0.123
<dat61>出演《妈，亲一下》，饰演柯景山。<per20>与女友相爱<dat84>秘密离婚<v>艺人<per20>与圈外女友Anita交往15
0          1
0.966          0.034
志卷51《古迹．古城》中有：“<per71>，在<v>。按<e>，伏羲之后。禅通纪，谓其都于朱，故号朱
0          1
0.921          0.079
动作片中的天使”。（《上海电视周刊》评）<e>，20世纪八十年代到九十年代，红极一时的<v>动作武打女星，代表作有《越女剑》、《天
0          1
0.992          0.008
<org21>，<pla81>男演员、歌手。<dat29>，<e>为维他奶拍摄广告而加入娱乐圈，之后成为<pla81>无线电视艺员。<dat15>推出首张唱片《
0          1
0.985          0.015
邮政首次为港台及海外艺人发行的专属邮票，<e>则成为首位<v>代表。<dat76>、<dat85>、2012
0          1
0.947          0.053
<pla41>任其笑傲。（腾讯网评）在华人电影圈，<e>曾有着一种标杆性的启示意义。这位早年游走于<org26>的<v>导演，对现代娱乐工业的理解和掌握是如此
0          1
0.978          0.022
杀了普罗大众对社会问题多面和深入的思维。<e>也是<v>的名嘴，曾于多家电视和电台主持过多档节
0          1
0.837          0.163
<e>，男，<v>MV拍摄导演。先后执导过<per80>、彭羚和
0          1
0.978          0.022
平轮的船主。上有一个姐姐（定居加拿大）。<e>是少数公开坦承同性恋性向的<v>知名人士，与男友<per97>（George）
0          1
0.517          0.483
<per92>，<pla59>剪辑师。<per92>自八十年代末活跃于<pla59>影坛，与多位名导合作无数，所参与的电影
0          1
0.630          0.370
<pla73>，6岁时全家移居到希宾。<e>的父母是犹太人，他在<v>的一个中产阶级的犹太家庭中长大。并且，
0          1
0.920          0.080
实际为0，预测为1
全国各族人民的拥护。<dat89>，<e>走完了一生的历史途程，在<v>老家溘然长逝，终年80岁，葬于<pla49>城内
0          1
0.131          0.869
<org82>，<dat94>：425.钦州<e>故居．<v>新闻网[引用日期2014-10-27]
0          1
0.046          0.954
社，<dat63>：425.钦州<per65>故居．<pla27>新闻网[引用日期2014-10-27]6.<per65>故居——三宣堂．新华网<pla27>频道[引用日
0          1
0.080          0.920
闻网[引用日期2014-10-27]6.<e>故居——三宣堂．新华网<v>频道[引用日期2014-10-27]7
0          1
0.069          0.931
的他，总想寻机闯荡一番惊天动地之事业。与<e>家乡<v>毗邻的<pla63>是<pla51>的藩属国。<pla26>早就对越
0          1
0.018          0.982
，历迁任知县、同知、道员（加按察使衔）。<v>是<v>理学经世派的主要人物，一面反复研读“性
0          1
0.038          0.962
高望重的教育家，更是著名的爱国主义学者。<v>，字襄。<v>留学<pla48><pla94>预备学校第一任校长，著名教育家
0          1
0.008          0.992
。<per62>（1883—1913），字可楼，<v>人。二十世纪初，<per62>从偏远的大别山区走出，闻革命风气之先，
0          1
0.002          0.998
划时代的科学家，我们怎么评价他都不为过。<e>，“<v>航天之父”的夫人，一位同样卓越的声乐学
0          1
0.073          0.927
了《中和》、《乐职》、《宣布》等三篇诗。<e>年纪有十四、五岁，与<v>人<per44>等人一同研习并把它们编成歌曲演
0          1
0.154          0.846
m Hick》。<dat58>，<e>为位于<v>的著名漫画工作室“<org22>”工
0          1
0.018          0.982
长<per21>·<per50>、<per20>市长<per11>、<v>市长<e>等。
0          1
0.106          0.894
<e>，<v>、<pla78>民族学家，语言学家，宗教史学家
0          1
0.002          0.998
所长。<dat15>被选为教皇科学院院士 。<e>，<v>、<pla59>民族学家，语言学家，宗教史学家
0          1
0.003          0.997
<e>，姬姓，名宋，为春秋诸侯国<pla90>君主之一，是<pla90>第二十五任君主。他为<per47>的弟弟，承袭
0          1
0.050          0.950
事建筑据可靠消息透露，钟某全名钟石（又名<e>）在<v>、<pla99>、<pla53>等地从事财经及建筑，他负责
0          1
0.169          0.831
<per72>均出生于<pla92>，早年因北上经商而定居<v>，而除了父母，<e>还有一位年长自己一岁的哥哥<per80>。林志
0          1
0.021          0.979
良好的政商关系在世界化工行业，台塑董事长<e>在<v>是一个家喻户晓的传奇式人物。他把<v>塑
0          1
0.159          0.841
结束后，以<org49>的形式面世，也将结束自<e>逝世后，王家始终未出现在富豪榜榜单的尴尬局面。<v>《经济日报》评论文章说，台塑石化打头阵
0          1
0.421          0.579
，直至公义获得彰显。”台塑王家可称得上是<pla98>的豪富之家，其灵魂人物<e>多次被评为“<pla98>首富”。他先后娶了三位
0          1
0.105          0.895
王家可称得上是<pla28>的豪富之家，其灵魂人物<e>多次被评为“<pla28>首富”。他先后娶了三位太太，大太太是童
0          1
0.079          0.921
时候组合有6名成员。这个组合还包括另一位<v>歌手Yuny Han。<e>也曾以Jinny或者Jinny Lee
0          1
0.078          0.922
挑战黑化角色，饰演被绑架十年后获救、回到<v>实施报复的悲剧人物<per87>。<e>出生于<pla84>，原名<per80>（粤语发音同“阿”
0          1
0.013          0.987
<per18>(<per56>) ，是爱尔兰裔的<v>白人姑娘，是<e>在<org17>期间的同学，<dat31>认识
0          1
0.009          0.991
entral cemetery）西北角。<e>是家中独女，中学就读<v>玫瑰岗学校，母亲叫<per58>如，谊舅<per30>。翁
0          1
0.029          0.971
视此事。作为<pla93>著名实业家<per27>的长子，<e>在<pla93>颇受关注。他身兼数职，不仅是<pla93>立法会
0          1
0.270          0.730
饱满、<per16>有度，获得观众好评。 美丽的“<v>小姐”<e>已过而立之年，出道十二年，她的情事，人
0          1
0.199          0.801
不傲、艳而不俗气质让她当之无愧的被冠以“<v>美女”的称誉。不过，其中不为人知的是<e>3岁时已在水银灯下拍摄了她的第一部广告
0          1
0.057          0.943
<dat46><v>小姐季军<e>，以天使的美貌，魔鬼的身材，在<pla73>创下
0          1
0.478          0.522
弟：顾允成七世侄孙：<per65>宪成纪念馆，在<v>张泾镇元吉弄内，是<per49>、顾允成兄弟诞生地。纪念馆内的端居堂面
0          1
0.099          0.901
我的老千生涯》，在剧中饰演出千老手德子。<per52>的父亲是<v>男演员石修。<dat14>，<per52>在<pla23>向
0          1
0.468          0.532
地小报记者发现，拍了张照片。照片照出来的<e>是一个清秀美丽的纯<v>女孩形象，一致被看好，辛迪干脆辞了她的
0          1
0.019          0.981
2届恺撒奖荣誉奖。<dat13>，<v>《福布斯》公布<dat80>全球名人收入榜，<per43>排名第二。<per43>出身在演员世家，
0          1
0.126          0.874
直在叱咤903主持过多个受欢迎电台节目。<e>是<v>潮流界的代表人物之一，有不少追随者。他
0          1
0.034          0.966
定是再删改的，他好无辜啊。”打造儿童剧由<v>舞台剧大师<e>创作及执导的儿童音乐剧《不得了！巫婆靓
0          1
0.283          0.717
》一片。在这部<per24>编导的政治文艺片中，<e>饰演一位<v>舞蹈家。影片透过她写信给著名<pla35>女星莉
0          1
0.049          0.951
)一片。在这部<per40>编导的政治文艺片中，<e>饰演一位<v>舞蹈家。影片透过她写信给著名<pla46>女星莉
0          1
0.057          0.943
也专属于<org34>自有的音乐风格。由<e>、韩裔<v>籍嘻哈天王级制作人Jae chong担
0          1
0.018          0.982
小几岁的弟弟，弟弟叫做<per14>。<dat20>，<per42>认识了一个名字叫白雪的<v>女孩，并开始交往。<dat69>夏天，<per42>
0          1
0.163          0.837
<per58>，<dat13>生人，<v>文化界著名人物，舞台剧导演。<per58>1991 年创立“ 非常<per58>”剧团，
0          1
0.002          0.998
地》，天不亮下乡抓计划生育的段落，正出自<e>在<v>一个小县城挂职的亲身经历。作为一名读者
0          1
0.386          0.614
之<dat62>天国》[28-29]。<dat30>，<e>毕业于<v>无线电视台第十期艺员训练班。同年，进入
0          1
0.192          0.808
《镭锭与地球之历史》等文。<dat24>夏，<e>毕业于<v>一中，接着考入<org43>（
0          1
0.304          0.696
的<pla20>二队，上场37场取得3个入球。由于<e>姓氏Lam，与<v>国家足球队队长<per12>（Lahm）相似，因
0          1
0.043          0.957
日，从<pla79>传来一个令人兴奋的消息。效力于<v>的华裔小将<e>入选了<pla79>U20国家青年队，正在备战周
0          1
0.057          0.943
一个令人兴奋的消息。效力于<pla17>的华裔小将<e>入选了<v>U20国家青年队，正在备战<dat49>同<pla85>的
0          1
0.075          0.925
<dat99>，德甲第五轮，华裔小将<e>为<v>首发登场对阵多特蒙德，并用一次精彩的世
0          1
0.272          0.728
<dat11>，<pla73>政府在馆内开辟了“<pla73>禁毒教育基地”。<e>故居（云左山房）又名“云左山房”，位于
0          1
0.152          0.848
<pla64>，雍正年间沈氏家族中的一支继续南迁至<v>侯官。嘉庆二十五年（<dat83>），<e>出生于贫苦的读书人家庭，父亲<per35>以教
0          1
0.053          0.947
乐队主唱<per93>亲自操刀。一个是多才多艺的<v>辣妹，一个嘻嘻哈哈的创作型歌手，<e>和<per93>的这次合作可谓是“刀光剑影”、
0          1
0.152          0.848
家协会会员、高级摄影师、<pla22>优秀摄影家、<v>首批“五个一批”人才。<e>摄影作品在省级以上报刊发表数千幅，<pla22>
0          1
0.215          0.785
画了社会激荡中的人事变迁。（<per80>评）在<e>看来，除了<pla51>人之外，没有人会拍<pla51>的故事，更没有人会在银幕上关心<pla51>人。
0          1
0.068          0.932
念真真正的出生日，<dat100>则是<e>身份证上所刊登的出生日，这在<v>身份证推行早期是常常发生的状况。195
0          1
0.143          0.857
管理理事会下属学术机构国际管理学院院士。<e>是岛内拥有头衔最多、最具影响力的企业家 ，在<v>经济界及政坛上十分活跃。<dat66>~1
0          1
0.177          0.823
资产超过<mon62>的富豪之列。<dat88>列<v>百大富豪第十一位。<e>于<dat65>被聘为台“总统府国策顾
0          1
0.064          0.936
<org44>表示已核实并确认，俏江南董事长<e>注销了<v>户籍。区政协同时称收到<per22>国籍变更愿
0          1
0.469          0.531
