实际为1，预测为0
用笔稚拙,偶尔皴以淡墨。约在1666年,石涛前往安徽宣城,因缘际会,结识梅清(1623-1697年,安徽宣城人,素有“黄山巨子”之雅称,
0          1
1.000          0.000
帝。垂拱元年（685年）秋八月戊寅（公历9月8日），李隆基生于东都洛阳。出生时其父李旦为帝，母窦
0          1
0.958          0.042
华人民共和国驻葡萄牙共和国特命全权大使。蔡润大使简历2015/08/28蔡润，男，1967年6月生，法学硕士。1991-1994 中共
0          1
0.999          0.001
中华人民共和国驻加蓬共和国特命全权大使。胡长春大使简历2016/11/07胡长春，男，1968年2月生，公共管理硕士。1992 - 199
0          1
1.000          0.000
华人民共和国驻卢旺达共和国特命全权大使。饶宏伟大使简历2017/02/20饶宏伟，男，1962年9月生，工商管理硕士。1983—1986
0          1
0.999          0.001
孙祥华，男，1971年4月生，法学博士。现任中国驻莱索托王国特命
0          1
0.611          0.389
付吉军，男，1959年10月生，历史学硕士。曾任中国驻古晋总领事。
0          1
0.926          0.074
吴杰，男，1967年9月生，大学毕业。现任中国驻乍得共和国特命
0          1
0.828          0.172
格局，被明代思想家李贽誉为“千古一帝”。秦始皇于秦昭王四十八年正月（公元前259年1月27日）出生，[10-12]出生地在当时的邯
0          1
0.994          0.006
、有作为的皇帝。宋仁宗庆历八年四月十日（1048年5月25日），赵顼在濮安懿王宫邸睦亲宅出生。是宋英宗赵曙
0          1
1.000          0.000
徐飞洪，男，1964年5月生，大学毕业。1987年进入外交部任职
0          1
0.999          0.001
阳询、颜真卿、柳公权并称“楷书四大家”。赵孟頫于宋理宗宝祐二年九月十日（1254年10月20日）生于吴兴（今浙江湖州），为宋太祖子秦
0          1
0.999          0.001
的赖姆。德国(前西德)职业网球男运动员（1984年—1999年），前单打世界排名第一。鲍里斯·贝克尔是6个大满贯单打冠军主（1985、86
0          1
1.000          0.000
亲王大成从中国台湾到美国留学并恋爱结婚。1966年，卢沛宁出生于美国新泽西州，在马里兰州长大。卢
0          1
0.960          0.040
日）被定为中国旅游日。明神宗万历十四年（1586年），徐霞客出生在南直隶江阴（今江苏江阴市）一个有
0          1
0.994          0.006
天根，著有《爝火录》四十卷，则居无锡矣。李应升是李鹏翀之子，生于万历二十一年（1593年）。万历四十四年（1616年），进士一
0          1
1.000          0.000
博,邢凯轩,张兆艺个人书籍《快乐我作主》1991年出生的李瑞今年已经27岁，成名后淡出娱乐圈，后到
0          1
1.000          0.000
高君雨（2001年8月19日—）[1-2]，因当年那句“妈妈再也不
0          1
1.000          0.000
义者，但他的幻想持续影响迄今，甚至明天。保罗·波烈,这位充满幻想的时装大师于1879年4月生于巴黎,他的一生和事业都在巴黎,他在
0          1
0.996          0.004
，主演的青春校园励志剧《极光之恋》播出。1997年，关晓彤出生于北京市的一个艺术世家，由于家庭文
0          1
0.582          0.418
辑，造型足迹现在已经遍布两岸三地。姓名：陈孙华昵称：小孙哥、姥姥、太后、天后生日：1967年2月6日职业：造型师于1990年开始，出版了台
0          1
0.988          0.012
和设计杂志选为最具潜力的亚洲设计师之一。傅厚民(1975年)家世：已故赌王傅老榕孙儿、名媛傅洁恩
0          1
1.000          0.000
李念，1988年8月23日出生于四川广汉市。2016年发布单曲《
0          1
1.000          0.000
黄嘉祥，1949年1月出生于上海南市区.1953年迁居江苏启
0          1
1.000          0.000
事后还钱却一拖再拖，还把该女粉丝拉黑了。1974年，刘小光出生于吉林省桦甸市的一个农村家庭，自小
0          1
0.820          0.180
年9月27日，推出个人单曲《四季不败》。郝云1979年出生于河南省郑州市，因为父母任职于石油
0          1
0.994          0.006
：清人绘蔡襄画像，现藏于中国历史博物馆）蔡襄生于宋真宗大中祥符五年二月十二日（1012年3月7日）。蔡氏家族世居福
0          1
0.966          0.034
崔爱民，1965年12月出生，中国外交官。2003年，三十六岁
0          1
0.513          0.487
中华人民共和国驻南非共和国特命全权大使。林松添大使简历2017/08/09林松添，男，1960年5月生，大学毕业。1986—1988  中
0          1
0.998          0.002
李念平，男，1963年7月生，大学毕业。先后担任过外交部西欧司副
0          1
0.881          0.119
”者，曹植、李白、苏轼三人耳。初平三年（192年），曹植出生于东武阳。曹植是曹操与卞夫人所生第
0          1
1.000          0.000
实际为0，预测为1
故城，不忘先祖，称为“曾”，玄孙即曾子。曾子生于公元前505年10月12日（周敬王十五年、鲁定公五年）。公元前4
0          1
0.163          0.837
，男，博士，硕士生导师，就职于中北大学。李杰，男，山西省岚县人，博士。1999年7月获华北工学院电气技术专业工学学士学位，
0          1
0.003          0.997
虚幻世界。被誉为具有颠覆性的创新艺术家。马克斯·恩斯特（MaxErnst，1891-1976年），德国出生的画家和雕塑家。达达主义和
0          1
0.048          0.952
称为“和平将军”。有张治中故居留作纪念。张治中生于光绪16年（1890年）10月27日，其祖父是农
0          1
0.492          0.508
脉和。”明朝嘉靖十三年七月二十一日（公元1534年8月30日）午时，王锡爵出生在南直隶太仓州娄江与长江交汇处（在
0          1
0.136          0.864
邱孟煌（阿丘），于1989年毕业于广西师范学院思想政治教育专业。曾
0          1
0.009          0.991
芭芭拉·布什（1925年6月8日-2018年4月17日），美国前第一夫人。在美国，一提起芭芭
0          1
0.003          0.997
王辉（1971～2011.01.26），男，1990年毕业于广西兴安师范学校。广西壮族自治区
0          1
0.003          0.997
田德忠，男，1921年出生，1947年牺牲。田德忠，男，1921年出生，1947年牺牲。
0          1
0.004          0.996
47年牺牲。田德忠，男，1921年出生，1947年牺牲。田德忠
0          1
0.020          0.980
、中国电视金鹰奖等。1956年3月9日，周梅森出生于江苏省徐州市。1963年，入江苏徐州贾汪新韩小学读书。小学三年
0          1
0.004          0.996
2月生，山西沁县人，大专学历，中共党员，1979年8月参加工作。张晓虎，男，1962年12月生，山西沁县人，
0          1
0.003          0.997
兰西这位坚强的战士在法西斯狱中与世长辞。安东尼奥·葛兰西1891年1月22日生于撒丁的阿莱斯，1937年4月27日
0          1
0.003          0.997
姜瑜，1986年毕业于外交学院（英语系82级），精通英
0          1
0.005          0.995
林松添，男，1982年毕业于福建师范大学外语系。现任中华人民
0          1
0.003          0.997
照他的遗命，曰：皇明蕺山长念台刘子之柩。刘宗周，字起东，山阴人。父坡，为诸生。母章氏妊五月而坡亡。既生宗周，家酷贫，携之育外家。
0          1
0.111          0.889
974年6月出生，中共党员，研究生学历，1994年9月参加工作。王雪峰：男，汉族，通辽人，1974年6月出生
0          1
0.015          0.985
