实际为1，预测为0
用笔稚拙,偶尔皴以淡墨。约在1666年,石涛前往安徽宣城,因缘际会,结识梅清(1623-1697年,安徽宣城人,素有“黄山巨子”之雅称,
0          1
1.000          0.000
帝。垂拱元年（685年）秋八月戊寅（公历9月8日），李隆基生于东都洛阳。出生时其父李旦为帝，母窦
0          1
1.000          0.000
华人民共和国驻葡萄牙共和国特命全权大使。蔡润大使简历2015/08/28蔡润，男，1967年6月生，法学硕士。1991-1994 中共
0          1
0.999          0.001
中华人民共和国驻加蓬共和国特命全权大使。胡长春大使简历2016/11/07胡长春，男，1968年2月生，公共管理硕士。1992 - 199
0          1
1.000          0.000
华人民共和国驻卢旺达共和国特命全权大使。饶宏伟大使简历2017/02/20饶宏伟，男，1962年9月生，工商管理硕士。1983—1986
0          1
1.000          0.000
格局，被明代思想家李贽誉为“千古一帝”。秦始皇于秦昭王四十八年正月（公元前259年1月27日）出生，[10-12]出生地在当时的邯
0          1
0.989          0.011
朴镇彪，1966年出生于韩国汉城。韩国导演。毕业于中央大
0          1
0.777          0.223
。著有长篇小说《铁皮鼓》、《猫与鼠》等。君特·格拉斯1927年出生于但泽市。父亲是德国商人，母亲为波
0          1
0.975          0.025
的赖姆。德国(前西德)职业网球男运动员（1984年—1999年），前单打世界排名第一。鲍里斯·贝克尔是6个大满贯单打冠军主（1985、86
0          1
1.000          0.000
亲王大成从中国台湾到美国留学并恋爱结婚。1966年，卢沛宁出生于美国新泽西州，在马里兰州长大。卢
0          1
0.999          0.001
天根，著有《爝火录》四十卷，则居无锡矣。李应升是李鹏翀之子，生于万历二十一年（1593年）。万历四十四年（1616年），进士一
0          1
0.995          0.005
博,邢凯轩,张兆艺个人书籍《快乐我作主》1991年出生的李瑞今年已经27岁，成名后淡出娱乐圈，后到
0          1
1.000          0.000
高君雨（2001年8月19日—）[1-2]，因当年那句“妈妈再也不
0          1
1.000          0.000
义者，但他的幻想持续影响迄今，甚至明天。保罗·波烈,这位充满幻想的时装大师于1879年4月生于巴黎,他的一生和事业都在巴黎,他在
0          1
0.809          0.191
，主演的青春校园励志剧《极光之恋》播出。1997年，关晓彤出生于北京市的一个艺术世家，由于家庭文
0          1
1.000          0.000
辑，造型足迹现在已经遍布两岸三地。姓名：陈孙华昵称：小孙哥、姥姥、太后、天后生日：1967年2月6日职业：造型师于1990年开始，出版了台
0          1
1.000          0.000
闪亮的马蒂斯系列散发着浓郁的布拉斯气息。1922年比尔·布拉斯出生于美国印第安纳州的韦恩，他的父亲是
0          1
0.995          0.005
和设计杂志选为最具潜力的亚洲设计师之一。傅厚民(1975年)家世：已故赌王傅老榕孙儿、名媛傅洁恩
0          1
1.000          0.000
誉称号。施光南音乐广场在渝落成人民音乐家施光南1940年生于重庆南山，父母为他取名光南，含有“
0          1
0.998          0.002
刘怀勇，别署历下山夫，凹斋，1960年2月生于济南历城。毕业于山东大学历史系，结
0          1
1.000          0.000
忠，男，1921年出生，1947年牺牲。田德忠，男，1921年出生，1947年牺牲。田德忠
0          1
0.996          0.004
4月13日在伦敦赛德勒之井剧院世界首演。王亚彬1984年出生于天津，1990年开始学习舞蹈。1
0          1
0.999          0.001
么冷。2006年主持超视《超级同花顺》。1958年8月，沈孟生出生在台北一个军人家庭，自幼就调皮捣蛋
0          1
0.998          0.002
黄嘉祥，1949年1月出生于上海南市区.1953年迁居江苏启
0          1
0.997          0.003
事后还钱却一拖再拖，还把该女粉丝拉黑了。1974年，刘小光出生于吉林省桦甸市的一个农村家庭，自小
0          1
0.841          0.159
年9月27日，推出个人单曲《四季不败》。郝云1979年出生于河南省郑州市，因为父母任职于石油
0          1
1.000          0.000
库以外，在他的财力上受到最少可能的激动。1723年亚当·斯密出生在苏格兰法夫郡（County Fi
0          1
0.992          0.008
723～1790）是经济学的主要创立者。1723年亚当·斯密出生在苏格兰法夫郡（County Fi
0          1
0.999          0.001
中华人民共和国驻南非共和国特命全权大使。林松添大使简历2017/08/09林松添，男，1960年5月生，大学毕业。1986—1988  中
0          1
1.000          0.000
实际为0，预测为1
故城，不忘先祖，称为“曾”，玄孙即曾子。曾子生于公元前505年10月12日（周敬王十五年、鲁定公五年）。公元前4
0          1
0.391          0.609
，男，博士，硕士生导师，就职于中北大学。李杰，男，山西省岚县人，博士。1999年7月获华北工学院电气技术专业工学学士学位，
0          1
0.059          0.941
虚幻世界。被誉为具有颠覆性的创新艺术家。马克斯·恩斯特（MaxErnst，1891-1976年），德国出生的画家和雕塑家。达达主义和
0          1
0.017          0.983
称为“和平将军”。有张治中故居留作纪念。张治中生于光绪16年（1890年）10月27日，其祖父是农
0          1
0.058          0.942
纪念。张治中生于光绪16年（1890年）10月27日，其祖父是农民，父亲是手工业者。张治中六岁入塾，读书十年。因少年时家境贫寒，
0          1
0.083          0.917
路名词表》《京张铁路工程纪略》等。清咸丰十一年三月十七日（1861年 4月26日）詹天佑诞生。广东南海人，为南海县民籍。清乾隆
0          1
0.054          0.946
百卷。《全宋诗》录有其诗。赵受益（后改名赵祯）生于大中祥符三年四月十四日（1010年5月12日），他是宋真宗赵
0          1
0.061          0.939
芭芭拉·布什（1925年6月8日-2018年4月17日），美国前第一夫人。在美国，一提起芭芭
0          1
0.007          0.993
47年牺牲。田德忠，男，1921年出生，1947年牺牲。田德忠
0          1
0.054          0.946
兰西这位坚强的战士在法西斯狱中与世长辞。安东尼奥·葛兰西1891年1月22日生于撒丁的阿莱斯，1937年4月27日
0          1
0.012          0.988
林松添，男，1982年毕业于福建师范大学外语系。现任中华人民
0          1
0.015          0.985
照他的遗命，曰：皇明蕺山长念台刘子之柩。刘宗周，字起东，山阴人。父坡，为诸生。母章氏妊五月而坡亡。既生宗周，家酷贫，携之育外家。
0          1
0.058          0.942
