实际为1，预测为0
此人乃是<属性>玉麒麟卢俊义，因为“反诗门”被打入大狱。<实体>收押了他后下班回家
0          1
0.756          0.244
毛主席送了亲笔挽词：“<属性>友人<实体>大夫远道来华
0          1
0.979          0.021
获颁纪念章的其中一位国际友人遗属是<属性>友人<实体>医生的侄女苏曼加拉·博卡。<实体>曾随同
0          1
0.884          0.116
祭祀籍贯<属性>的谥号都为文贞的三大名相魏徵、宋璟和<实体>
0          1
0.674          0.326
<实体>，姬姓，名宋，为春秋诸侯国<属性>君主之一，是<属性>第二十五任君主
0          1
0.658          0.342
另一个就是<实体>。”<属性>《时代周刊》评选<实体>为“20世纪
0          1
0.958          0.042
<属性>金牌孪生音乐制作人李伟菘<实体>老师也前来友情客串
0          1
0.918          0.082
在<属性>。按<实体>
0          1
0.981          0.019
王家在<属性>第一代祖先是<实体>的曾祖父王天来
0          1
0.559          0.441
弟：顾允成七世侄孙：顾皋<实体>纪念馆，在<属性>张泾镇元吉弄内，是<实体>、顾允成兄弟诞生地
0          1
0.568          0.432
<实体>则成为首位<属性>代表
0          1
0.574          0.426
<属性>传奇摄影师<实体>去世
0          1
0.594          0.406
导演萨姆·雷米也因此点名邀请<实体>再任第三集武术指导。来自<属性>的<实体>曾和袁和平一起参与设计了《黑客
0          1
0.977          0.023
此点名邀请<实体>再任第三集武术指导。来自<属性>的<实体>曾和袁和平一起参与设计了《黑客帝国》的
0          1
0.984          0.016
实际为0，预测为1
<属性>的功劳，加封为世袭的一云骑尉之职。<属性>一生大部分时间生活于<属性>
0          1
0.037          0.963
<属性>是<属性>海军伏波号管带
0          1
0.070          0.930
<属性>，字襄。<属性>留学欧美预备学校第一任校长
0          1
0.015          0.985
<实体>，“<属性>航天之父”的夫人
0          1
0.008          0.992
返回<属性>。<实体>自幼生活在家乡
0          1
0.144          0.856
<实体>为位于<属性>的著名漫画工作室“埃斯纳伊格工作室”工
0          1
0.043          0.957
导演<实体>便是上世纪90年代以来<属性>最受关注的导演之一。1985年，<实体>
0          1
0.208          0.792
钟某全名钟石（又名<实体>）在<属性>、上海、广州等地从事财经及建筑
0          1
0.089          0.911
<实体>，男，大学学历，中共党员，现任<属性>副市长
0          1
0.042          0.958
<实体>，祖籍广东三水。1983年<实体>加入<属性>无线电视第12期艺员训练班
0          1
0.017          0.983
<实体>可以算是<属性>动作片头号女星
0          1
0.319          0.681
<属性>内某会计师说，台塑创办人<实体>
0          1
0.181          0.819
也将结束自<实体>逝世后，王家始终未出现在富豪榜榜单的尴尬局面。<属性>《经济日报》评论文章说
0          1
0.344          0.656
这个组合还包括另一位<属性>歌手Yuny Han。<实体>也曾以Jinny或者Jinny Lee
0          1
0.462          0.538
<实体>以5亿的家产稳坐<属性>炒楼女明星第一人，<实体>变成了身家达5亿的富豪
0          1
0.275          0.725
饰演被绑架十年后获救、回到<属性>实施报复的悲剧人物韦逸升。<实体>出生于长州
0          1
0.010          0.990
是爱尔兰裔的<属性>白人姑娘，是<实体>在华盛顿大学期间的同学
0          1
0.019          0.981
作为<属性>著名实业家霍英东的长子，<实体>在<属性>颇受关注。他身兼数职，不仅是<属性>立法会
0          1
0.210          0.790
 美丽的“<属性>小姐”<实体>已过而立之年
0          1
0.406          0.594
<实体>就等于“美人”代名词，<属性>寻十大“靓人”都少不了她
0          1
0.335          0.665
<实体>就等于“美人”代名词，<属性>寻十大“靓人”都少不了她。也因为人太美了，围绕着<实体>的新闻都和美丽脱不了关系
0          1
0.460          0.540
<实体>毕业于<属性>梁式芝书院
0          1
0.017          0.983
<实体>的父亲是<属性>男演员石修。2016年，<实体>在英国向
0          1
0.189          0.811
<属性>《福布斯》公布2018年全球名人收入榜，<实体>排名第二。<实体>出身在演员世家
0          1
0.045          0.955
都牵涉到<属性>人的现籍和祖籍的问题。清代<属性>文书稿本《南旋日记》，认为<实体>的籍贯是绩溪毋庸置疑
0          1
0.011          0.989
<实体>饰演老谋深算又智勇双全的“祥叔”。兄弟<属性>导演、监制、动作导演陈木川是<实体>的弟
0          1
0.313          0.687
2018年<实体>主演电影《栋笃特工》在<属性>上映，票房超四千万。<实体>出身于一个中产家庭
0          1
0.300          0.700
<实体>是<属性>潮流界的代表人物之一
0          1
0.066          0.934
是<属性>电影中出彩的黄金配角。此外，<实体>也是活跃于<属性>和两岸三地的名媛
0          1
0.262          0.738
”在<属性>被誉为戏剧大师的<实体>表示
0          1
0.445          0.555
<实体>的父亲是<属性>教育家李升
0          1
0.459          0.541
由<实体>、韩裔<属性>籍嘻哈天王级制作人Jae chong担
0          1
0.020          0.980
<实体>，1959年生人，<属性>文化界著名人物，舞台剧导演。<实体>1991 年创立“ 非常<实体>”剧团
0          1
0.008          0.992
<实体>毕业于<属性>无线电视台第十期艺员训练班
0          1
0.174          0.826
<实体>毕业于<属性>一中
0          1
0.017          0.983
由于<实体>姓氏Lam，与<属性>国家足球队队长拉姆（Lahm）相似
0          1
0.086          0.914
效力于<属性>的华裔小将<实体>入选了德国U20国家青年队
0          1
0.199          0.801
华裔小将<实体>为<属性>首发登场对阵多特蒙德
0          1
0.214          0.786
<属性>政府在馆内开辟了“<属性>禁毒教育基地”。<实体>故居（云左山房）又名“云左山房”
0          1
0.124          0.876
雍正年间沈氏家族中的一支继续南迁至<属性>侯官。嘉庆二十五年（1820年），<实体>出生于贫苦的读书人家庭
0          1
0.017          0.983
一个是多才多艺的<属性>辣妹，一个嘻嘻哈哈的创作型歌手，<实体>和大张伟的这次合作可谓是“刀光剑影”、
0          1
0.274          0.726
家协会会员、高级摄影师、中国优秀摄影家、<属性>首批“五个一批”人才。<实体>摄影作品在省级以上报刊发表数千幅
0          1
0.177          0.823
（胡燕娜评）在<实体>看来，除了<属性>人之外，没有人会拍<属性>的故事，更没有人会在银幕上关心<属性>人
0          1
0.046          0.954
除了<属性>人之外，没有人会拍<属性>的故事，更没有人会在银幕上关心<属性>人。<实体>的大部分电影里都透露着鲜明的纪实色彩
0          1
0.023          0.977
碑文详细记录了<实体>故园及<实体>在<属性>的部分情况，并详细记载了<实体>（汉阳王
0          1
0.488          0.512
<实体>是岛内拥有头衔最多、最具影响力的企业家 ，在<属性>经济界及政坛上十分活跃
0          1
0.462          0.538
<实体>作为<属性>的资方代表
0          1
0.418          0.582
创下<属性>当代艺术拍卖纪录。<实体>也因此被称为商业艺术家
0          1
0.385          0.615
