实际为1，预测为0
到灌阳县江口村老家。对国家命运心灰意冷的唐景崧，为摆脱烦忧，便请来戏班，终日闭门听戏消磨时光。灌阳与湖南交界。那里的地方戏与湖南南部的祁
0          1
0.598          0.402
民劳动，他跟着干轻活。“三年困难时期”，安徽是重灾区，家乡亲友登门，刘健挺总是让家人节衣缩食，尽可能给予帮助，而
0          1
0.987          0.013
置。一天，监狱里押来一名大人物，此人乃是河北玉麒麟卢俊义，因为“反诗门”被打入大狱。蔡福收押了他后下班回家，一出门口便碰到讨饭
0          1
0.990          0.010
靖”。根据代县孙氏 《代州孙氏家乘》记载孙传庭始祖是明朝洪武初年迁居山西，其始迁祖孙成（生子：孙顺）在洪武年间
0          1
0.670          0.330
界举行的追悼会上，毛主席送了亲笔挽词：“印度友人柯棣华大夫远道来华，援助抗日，在延安华北工作
0          1
0.991          0.009
，在顺德府城内（今邢台桥东区），祭祀籍贯邢州的谥号都为文贞的三大名相魏徵、宋璟和刘秉忠。祭词：“世间明贤，同产此邦，文章德业
0          1
0.967          0.033
要归功于一批具有国际水准的一流导演。导演张善宇便是上世纪90年代以来韩国最受关注的导演之一。1985年，张善宇
0          1
0.996          0.004
鲁定公，姬姓，名宋，为春秋诸侯国鲁国君主之一，是鲁国第二十五任君主。他为鲁昭公的弟弟，承袭
0          1
0.906          0.094
013年出演《妈，亲一下》，饰演柯景山。梁正群与女友相爱15年秘密离婚。台湾艺人梁正群与圈外女友Anita交往15
0          1
0.997          0.003
，首次担任导演精心打造的电影“处女作”，新加坡金牌孪生音乐制作人李伟菘李偲菘老师也前来友情客串，此次受邀参演《栀子
0          1
0.981          0.019
开的一本早期手抄本长坑王氏族普上就有包括王永庆在内的多名台湾名人的祖籍,并注明何时迁往何地)移居今
0          1
0.942          0.058
迁往何地)移居今台北县新店直潭的。王家在台湾第一代祖先是王永庆的曾祖父王天来。王天来是在因灾荒随寡母
0          1
0.885          0.115
，王家后来一跃成为当地的有钱人家。如今，王永庆家族是台湾最有名望的大家族，家产丰厚，人丁兴盛。
0          1
0.796          0.204
岭南大学，香港男演员、歌手。1994年，陈浩民为维他奶拍摄广告而加入娱乐圈，之后成为香港无线电视艺员。1995年推出首张唱片《
0          1
0.997          0.003
江湖任其笑傲。（腾讯网评）在华人电影圈，陈可辛曾有着一种标杆性的启示意义。这位早年游走于好莱坞的香港导演，对现代娱乐工业的理解和掌握是如此
0          1
0.997          0.003
漫对白只会发生在他的电影里。（吴君如评）陈可辛心中唯一的香港演艺圈大哥，早就觉得他肯定成功。（曾志
0          1
0.996          0.004
杀了普罗大众对社会问题多面和深入的思维。卢觅雪也是香港的名嘴，曾于多家电视和电台主持过多档节
0          1
0.803          0.197
进步十倍”！导演萨姆·雷米也因此点名邀请林迪安再任第三集武术指导。来自香港的林迪安曾和袁和平一起参与设计了《黑客
0          1
0.993          0.007
此点名邀请林迪安再任第三集武术指导。来自香港的林迪安曾和袁和平一起参与设计了《黑客帝国》的
0          1
0.990          0.010
一个令人兴奋的消息。效力于汉堡的华裔小将林志坚入选了德国U20国家青年队，正在备战周末同波兰的
0          1
0.770          0.230
仰的心情，来到湄洲来朝拜妈祖。妈祖林默和林则徐都是“九牧林氏”后代， 林则徐先祖世居莆田，后迁居福州。 妈祖是林则徐的“祖姑”。妈祖作为人
0          1
0.980          0.020
乐队主唱大张伟亲自操刀。一个是多才多艺的重庆辣妹，一个嘻嘻哈哈的创作型歌手，黄小蕾和大张伟的这次合作可谓是“刀光剑影”、
0          1
0.992          0.008
尼苏达州德卢斯城，6岁时全家移居到希宾。鲍勃·迪伦的父母是犹太人，他在美国明尼苏达州的一个中产阶级的犹太家庭中长大。并且，
0          1
0.928          0.072
实际为0，预测为1
高望重的教育家，更是著名的爱国主义学者。林伯襄，字襄。河南留学欧美预备学校第一任校长，著名教育家
0          1
0.005          0.995
。）韩家先世是凤阳人（今属安徽），后迁于长洲，乃书香门第。韩菼的曾祖、祖父和父亲都通过科举入仕，做过
0          1
0.123          0.877
划时代的科学家，我们怎么评价他都不为过。蒋英，“中国航天之父”的夫人，一位同样卓越的声乐学
0          1
0.015          0.985
事建筑据可靠消息透露，钟某全名钟石（又名钟小江）在北京、上海、广州等地从事财经及建筑，他负责
0          1
0.031          0.969
慈美均出生于台南市，早年因北上经商而定居台北，而除了父母，林志玲还有一位年长自己一岁的哥哥林志鸿。林志
0          1
0.006          0.994
时候组合有6名成员。这个组合还包括另一位韩国歌手Yuny Han。蔡妍也曾以Jinny或者Jinny Lee
0          1
0.033          0.967
届釜山国际电影节闭幕式。1966年夏天，王小帅出生两个多月后便随父母从上海去往贵阳，之后在贵阳生活了13年，孩提
0          1
0.046          0.954
挑战黑化角色，饰演被绑架十年后获救、回到香港实施报复的悲剧人物韦逸升。郭晋安出生于长州，原名郭亚（粤语发音同“阿”
0          1
0.080          0.920
达·埃莫瑞(Linda) ，是爱尔兰裔的美国白人姑娘，是李小龙在华盛顿大学期间的同学，1963年认识
0          1
0.004          0.996
成立香港华人女子高尔夫球总会。1994年郑文雅成为首名入选香港女子高尔夫球代队的华人，接着5年更连续
0          1
0.232          0.768
不傲、艳而不俗气质让她当之无愧的被冠以“香港美女”的称誉。不过，其中不为人知的是张凤妮3岁时已在水银灯下拍摄了她的第一部广告
0          1
0.174          0.826
2届恺撒奖荣誉奖。2018年7月17日，美国《福布斯》公布2018年全球名人收入榜，乔治·克鲁尼排名第二。乔治·克鲁尼出身在演员世家，
0          1
0.167          0.833
林奕华，1959年生人，香港文化界著名人物，舞台剧导演。林奕华1991 年创立“ 非常林奕华”剧团，
0          1
0.003          0.997
日，从德国传来一个令人兴奋的消息。效力于汉堡的华裔小将林志坚入选了德国U20国家青年队，正在备战周
0          1
0.223          0.777
员，司职中场，现效力于中超球队江苏舜天。李炽在广东青年队出道，2002年帮助广东雄鹰队在
0          1
0.017          0.983
际著名双语作家、文艺评论家 厉振羽评）。鲍勃·迪伦颇具创造力的作品为美国文化甚至整个世界的文化界做出了很多贡献
0          1
0.126          0.874
