实际为1，预测为0
此人乃是<属性>玉麒麟卢俊义，因为“反诗门”被打入大狱。<实体>收押了他后下班回家
0          1
0.984          0.016
<实体>，为崇城（今<属性>）国君
0          1
0.513          0.487
毛主席送了亲笔挽词：“<属性>友人<实体>大夫远道来华
0          1
0.977          0.023
获颁纪念章的其中一位国际友人遗属是<属性>友人<实体>医生的侄女苏曼加拉·博卡。<实体>曾随同
0          1
0.867          0.133
<实体>，姬姓，名宋，为春秋诸侯国<属性>君主之一，是<属性>第二十五任君主
0          1
0.851          0.149
另一个就是<实体>。”<属性>《时代周刊》评选<实体>为“20世纪<属性>10大偶像之一”
0          1
0.769          0.231
个就是<实体>。”<属性>《时代周刊》评选<实体>为“20世纪<属性>10大偶像之一”
0          1
0.612          0.388
<属性>金牌孪生音乐制作人李伟菘<实体>老师也前来友情客串
0          1
0.889          0.111
在<属性>。按<实体>
0          1
0.980          0.020
开的一本早期手抄本长坑王氏族普上就有包括<实体>在内的多名<属性>名人的祖籍
0          1
0.517          0.483
13年<实体>迁居北京，签约内地经纪公司。<实体>是<属性>的客家子弟
0          1
0.891          0.109
<实体>也是<属性>的名嘴
0          1
0.747          0.253
<属性>传奇摄影师<实体>去世
0          1
0.510          0.490
导演萨姆·雷米也因此点名邀请<实体>再任第三集武术指导。来自<属性>的<实体>曾和袁和平一起参与设计了《黑客
0          1
0.852          0.148
此点名邀请<实体>再任第三集武术指导。来自<属性>的<实体>曾和袁和平一起参与设计了《黑客帝国》的
0          1
0.736          0.264
实际为0，预测为1
<属性>，字襄。<属性>留学欧美预备学校第一任校长
0          1
0.012          0.988
<实体>，“<属性>航天之父”的夫人
0          1
0.013          0.987
返回<属性>。<实体>自幼生活在家乡
0          1
0.223          0.777
仔女便由<属性>来港陪他。秦汉的女儿好怕丑，<实体>在<属性>是填词人
0          1
0.358          0.642
<实体>为位于<属性>的著名漫画工作室“埃斯纳伊格工作室”工
0          1
0.261          0.739
<实体>，祖籍广东三水。1983年<实体>加入<属性>无线电视第12期艺员训练班
0          1
0.070          0.930
金马奖主席<实体>一直是<属性>年轻影人的幕后推手
0          1
0.464          0.536
也将结束自<实体>逝世后，王家始终未出现在富豪榜榜单的尴尬局面。<属性>《经济日报》评论文章说
0          1
0.299          0.701
这个组合还包括另一位<属性>歌手Yuny Han。<实体>也曾以Jinny或者Jinny Lee
0          1
0.424          0.576
<实体>以5亿的家产稳坐<属性>炒楼女明星第一人。<实体>爱好养犬
0          1
0.241          0.759
饰演被绑架十年后获救、回到<属性>实施报复的悲剧人物韦逸升。<实体>出生于长州
0          1
0.019          0.981
是爱尔兰裔的<属性>白人姑娘，是<实体>在华盛顿大学期间的同学
0          1
0.020          0.980
17岁的<实体>毕业于<属性>天主教崇德英文书院
0          1
0.061          0.939
<实体>又在<属性>著名的人物黄沾导演的影片《大家乐》中露
0          1
0.275          0.725
作为<属性>著名实业家霍英东的长子，<实体>在<属性>颇受关注。他身兼数职，不仅是<属性>立法会
0          1
0.347          0.653
不傲、艳而不俗气质让她当之无愧的被冠以“<属性>美女”的称誉。不过，其中不为人知的是<实体>3岁时已在水银灯下拍摄了她的第一部广告
0          1
0.249          0.751
<实体>毕业于<属性>梁式芝书院
0          1
0.017          0.983
<属性>《福布斯》公布2018年全球名人收入榜，<实体>排名第二。<实体>出身在演员世家
0          1
0.059          0.941
都牵涉到<属性>人的现籍和祖籍的问题。清代<属性>文书稿本《南旋日记》，认为<实体>的籍贯是绩溪毋庸置疑
0          1
0.031          0.969
<实体>则成为首位<属性>代表
0          1
0.434          0.566
<属性>高登论坛凭选第二届高登男神，<实体>荣登冠军，这是<实体>第二次入选高登男神
0          1
0.487          0.513
<实体>是<属性>潮流界的代表人物之一
0          1
0.155          0.845
是<属性>电影中出彩的黄金配角。此外，<实体>也是活跃于<属性>和两岸三地的名媛
0          1
0.473          0.527
<实体>藉由音乐创作传达了他对<属性>人种的起源、进化、种族的勇气和黄种人的
0          1
0.269          0.731
<实体>饰演一位<属性>舞蹈家
0          1
0.475          0.525
<实体>饰演一位<属性>舞蹈家
0          1
0.475          0.525
由<实体>、韩裔<属性>籍嘻哈天王级制作人Jae chong担
0          1
0.084          0.916
<实体>，1959年生人，<属性>文化界著名人物，舞台剧导演。<实体>1991 年创立“ 非常<实体>”剧团
0          1
0.011          0.989
<实体>毕业于<属性>无线电视台第十期艺员训练班
0          1
0.038          0.962
<实体>毕业于<属性>一中
0          1
0.016          0.984
由于<实体>姓氏Lam，与<属性>国家足球队队长拉姆（Lahm）相似
0          1
0.079          0.921
<属性>政府在馆内开辟了“<属性>禁毒教育基地”。<实体>故居（云左山房）又名“云左山房”
0          1
0.259          0.741
雍正年间沈氏家族中的一支继续南迁至<属性>侯官。嘉庆二十五年（1820年），<实体>出生于贫苦的读书人家庭
0          1
0.021          0.979
家协会会员、高级摄影师、中国优秀摄影家、<属性>首批“五个一批”人才。<实体>摄影作品在省级以上报刊发表数千幅
0          1
0.113          0.887
（胡燕娜评）在<实体>看来，除了<属性>人之外，没有人会拍<属性>的故事，更没有人会在银幕上关心<属性>人
0          1
0.061          0.939
除了<属性>人之外，没有人会拍<属性>的故事，更没有人会在银幕上关心<属性>人。<实体>的大部分电影里都透露着鲜明的纪实色彩
0          1
0.027          0.973
1952年8月5日则是<实体>身份证上所刊登的出生日，这在<属性>身份证推行早期是常常发生的状况
0          1
0.378          0.622
碑文详细记录了<实体>故园及<实体>在<属性>的部分情况，并详细记载了<实体>（汉阳王
0          1
0.320          0.680
碑文详细记录了<实体>故园及<实体>在<属性>的部分情况，并详细记载了<实体>（汉阳王）墓的地点
0          1
0.415          0.585
