实际为1，预测为0
舒传贤被派回家乡开展农民运动。他回到家乡霍山
0          1
0.558          0.442
此人乃是河北玉麒麟卢俊义，因为“反诗门”被打入大狱。蔡福收押了他后下班回家
0          1
0.960          0.040
毛主席送了亲笔挽词：“印度友人柯棣华大夫远道来华
0          1
0.996          0.004
获颁纪念章的其中一位国际友人遗属是印度友人柯棣华医生的侄女苏曼加拉·博卡。柯棣华曾随同
0          1
0.970          0.030
祭祀籍贯邢州的谥号都为文贞的三大名相魏徵、宋璟和刘秉忠
0          1
0.997          0.003
导演张善宇便是上世纪90年代以来韩国最受关注的导演之一。1985年，张善宇
0          1
0.991          0.009
梁正群与女友相爱15年秘密离婚。台湾艺人梁正群与圈外女友Anita交往15
0          1
0.938          0.062
新加坡金牌孪生音乐制作人李伟菘李偲菘老师也前来友情客串
0          1
0.930          0.070
李准基作为韩国电影人的代表，参加时任韩国总统卢武铉的
0          1
0.981          0.019
陈可辛曾有着一种标杆性的启示意义。这位早年游走于好莱坞的香港导演
0          1
0.998          0.002
（吴君如评）陈可辛心中唯一的香港演艺圈大哥
0          1
0.972          0.028
蔡康永是少数公开坦承同性恋性向的台湾知名人士
0          1
0.999          0.001
导演萨姆·雷米也因此点名邀请林迪安再任第三集武术指导。来自香港的林迪安曾和袁和平一起参与设计了《黑客
0          1
0.995          0.005
此点名邀请林迪安再任第三集武术指导。来自香港的林迪安曾和袁和平一起参与设计了《黑客帝国》的
0          1
0.998          0.002
妈祖林默和林则徐都是“九牧林氏”后代， 林则徐先祖世居莆田，后迁居福州。 妈祖是林则徐的“祖姑”
0          1
0.982          0.018
一个是多才多艺的重庆辣妹，一个嘻嘻哈哈的创作型歌手，黄小蕾和大张伟的这次合作可谓是“刀光剑影”、
0          1
0.808          0.192
实际为0，预测为1
林伯襄，字襄。河南留学欧美预备学校第一任校长
0          1
0.012          0.988
返回四川。秦九韶自幼生活在家乡
0          1
0.154          0.846
刘青云，祖籍广东三水。1983年刘青云加入香港无线电视第12期艺员训练班
0          1
0.025          0.975
金马奖主席焦雄屏一直是台湾年轻影人的幕后推手
0          1
0.071          0.929
饰演被绑架十年后获救、回到香港实施报复的悲剧人物韦逸升。郭晋安出生于长州
0          1
0.013          0.987
是爱尔兰裔的美国白人姑娘，是李小龙在华盛顿大学期间的同学
0          1
0.018          0.982
作为香港著名实业家霍英东的长子，霍震霆在香港颇受关注。他身兼数职，不仅是香港立法会
0          1
0.093          0.907
美国《福布斯》公布2018年全球名人收入榜，乔治·克鲁尼排名第二。乔治·克鲁尼出身在演员世家
0          1
0.059          0.941
莫文蔚则成为首位香港代表
0          1
0.030          0.970
林海峰是香港潮流界的代表人物之一
0          1
0.015          0.985
”打造儿童剧由香港舞台剧大师詹瑞文创作及执导的儿童音乐剧《不得了
0          1
0.243          0.757
李安的父亲是台湾教育家李升
0          1
0.058          0.942
林奕华，1959年生人，香港文化界著名人物，舞台剧导演。林奕华1991 年创立“ 非常林奕华”剧团
0          1
0.013          0.987
王根英在上海生下了儿子陈知非
0          1
0.341          0.659
徐志摩毕业于浙江一中
0          1
0.015          0.985
提升上由前阿根廷国脚鲁道福·卡多索带领的汉堡二队，上场37场取得3个入球。由于林志坚姓氏Lam
0          1
0.031          0.969
华裔小将林志坚也首次亮相德甲赛场，结果他的表现也堪称惊艳，赛后被德国《图片报》打了全场最高分
0          1
0.028          0.972
效力于汉堡的华裔小将林志坚入选了德国U20国家青年队
0          1
0.097          0.903
华裔小将林志坚为汉堡首发登场对阵多特蒙德
0          1
0.132          0.868
家协会会员、高级摄影师、中国优秀摄影家、浙江省首批“五个一批”人才。刘志江摄影作品在省级以上报刊发表数千幅
0          1
0.267          0.733
