实际为1，预测为0
。整个河北笼罩在一片恐怖气氛中，这激发了河北人民更大的反抗情绪，酿成了刘六、刘七起义。刘六、刘七是河北霸州文安人
0          1
0.919          0.081
置。一天，监狱里押来一名大人物，此人乃是河北玉麒麟卢俊义，因为“反诗门”被打入大狱。蔡福收押了他后下班回家，一出门口便碰到讨饭
0          1
0.956          0.044
靖”。根据代县孙氏 《代州孙氏家乘》记载孙传庭始祖是明朝洪武初年迁居山西，其始迁祖孙成（生子：孙顺）在洪武年间
0          1
0.514          0.486
中国》2016年度特别致敬。刘晓彤的家在吉林延边，小的时候家里人都很喜欢排球，而且刘晓彤身高已经很高，于是便让她接触了排球这项
0          1
0.760          0.240
界举行的追悼会上，毛主席送了亲笔挽词：“印度友人柯棣华大夫远道来华，援助抗日，在延安华北工作
0          1
0.999          0.001
念章。获颁纪念章的其中一位国际友人遗属是印度友人柯棣华医生的侄女苏曼加拉·博卡。柯棣华曾随同
0          1
0.999          0.001
，在顺德府城内（今邢台桥东区），祭祀籍贯邢州的谥号都为文贞的三大名相魏徵、宋璟和刘秉忠。祭词：“世间明贤，同产此邦，文章德业
0          1
0.997          0.003
要归功于一批具有国际水准的一流导演。导演张善宇便是上世纪90年代以来韩国最受关注的导演之一。1985年，张善宇
0          1
0.998          0.002
tional. Inc 简称HKI )由海伦·凯勒与其他美国人于1915年创建，宗旨是协助政府开展
0          1
0.546          0.454
013年出演《妈，亲一下》，饰演柯景山。梁正群与女友相爱15年秘密离婚。台湾艺人梁正群与圈外女友Anita交往15
0          1
0.998          0.002
演柯景山。梁正群与女友相爱15年秘密离婚。台湾艺人梁正群与圈外女友Anita交往15年十分低调
0          1
0.996          0.004
，首次担任导演精心打造的电影“处女作”，新加坡金牌孪生音乐制作人李伟菘李偲菘老师也前来友情客串，此次受邀参演《栀子
0          1
0.996          0.004
志卷51《古迹．古城》中有：“朱襄城，在柘城县。按朱襄氏，伏羲之后。禅通纪，谓其都于朱，故号朱
0          1
0.663          0.337
岭南大学，香港男演员、歌手。1994年，陈浩民为维他奶拍摄广告而加入娱乐圈，之后成为香港无线电视艺员。1995年推出首张唱片《
0          1
0.999          0.001
。还美其名曰百业兴旺，步步登高。一代宗师黄飞鸿，是南海著名武术家，在南派武术的发展中有着重要
0          1
0.815          0.185
弟：顾允成七世侄孙：顾皋顾宪成纪念馆，在无锡张泾镇元吉弄内，是顾宪成、顾允成兄弟诞生地。纪念馆内的端居堂面
0          1
0.985          0.015
1]。2015年1月3日下午2点，48岁香港女星温碧霞在微博晒出海边度假照，并附文“留下美好
0          1
0.850          0.150
江湖任其笑傲。（腾讯网评）在华人电影圈，陈可辛曾有着一种标杆性的启示意义。这位早年游走于好莱坞的香港导演，对现代娱乐工业的理解和掌握是如此
0          1
0.979          0.021
漫对白只会发生在他的电影里。（吴君如评）陈可辛心中唯一的香港演艺圈大哥，早就觉得他肯定成功。（曾志
0          1
0.986          0.014
杀了普罗大众对社会问题多面和深入的思维。卢觅雪也是香港的名嘴，曾于多家电视和电台主持过多档节
0          1
0.996          0.004
进步十倍”！导演萨姆·雷米也因此点名邀请林迪安再任第三集武术指导。来自香港的林迪安曾和袁和平一起参与设计了《黑客
0          1
0.999          0.001
此点名邀请林迪安再任第三集武术指导。来自香港的林迪安曾和袁和平一起参与设计了《黑客帝国》的
0          1
0.999          0.001
仰的心情，来到湄洲来朝拜妈祖。妈祖林默和林则徐都是“九牧林氏”后代， 林则徐先祖世居莆田，后迁居福州。 妈祖是林则徐的“祖姑”。妈祖作为人
0          1
0.801          0.199
乐队主唱大张伟亲自操刀。一个是多才多艺的重庆辣妹，一个嘻嘻哈哈的创作型歌手，黄小蕾和大张伟的这次合作可谓是“刀光剑影”、
0          1
0.998          0.002
实际为0，预测为1
高望重的教育家，更是著名的爱国主义学者。林伯襄，字襄。河南留学欧美预备学校第一任校长，著名教育家
0          1
0.008          0.992
家扶贫龙头企业”的荣誉称号。全国人大代表熊维政河南省副省长张大为莅临公司参观指导全国人大代
0          1
0.385          0.615
。）韩家先世是凤阳人（今属安徽），后迁于长洲，乃书香门第。韩菼的曾祖、祖父和父亲都通过科举入仕，做过
0          1
0.049          0.951
事建筑据可靠消息透露，钟某全名钟石（又名钟小江）在北京、上海、广州等地从事财经及建筑，他负责
0          1
0.031          0.969
匪剧《灯火阑珊之遗嘱背后》。2007年，刘恺威正式在中国内地发展，为了更好地融入中国内地的环境
0          1
0.160          0.840
梁凯程，先后在香港、台湾发展，导演了不少深受观众欢迎的影
0          1
0.026          0.974
视 评）20世纪80年代到90年代中期，李赛凤可以算是香港动作片头号女星，与胡慧中齐名的霸王花，
0          1
0.325          0.675
慈美均出生于台南市，早年因北上经商而定居台北，而除了父母，林志玲还有一位年长自己一岁的哥哥林志鸿。林志
0          1
0.004          0.996
届釜山国际电影节闭幕式。1966年夏天，王小帅出生两个多月后便随父母从上海去往贵阳，之后在贵阳生活了13年，孩提
0          1
0.051          0.949
挑战黑化角色，饰演被绑架十年后获救、回到香港实施报复的悲剧人物韦逸升。郭晋安出生于长州，原名郭亚（粤语发音同“阿”
0          1
0.015          0.985
达·埃莫瑞(Linda) ，是爱尔兰裔的美国白人姑娘，是李小龙在华盛顿大学期间的同学，1963年认识
0          1
0.003          0.997
成立香港华人女子高尔夫球总会。1994年郑文雅成为首名入选香港女子高尔夫球代队的华人，接着5年更连续
0          1
0.482          0.518
视此事。作为香港著名实业家霍英东的长子，霍震霆在香港颇受关注。他身兼数职，不仅是香港立法会
0          1
0.051          0.949
不傲、艳而不俗气质让她当之无愧的被冠以“香港美女”的称誉。不过，其中不为人知的是张凤妮3岁时已在水银灯下拍摄了她的第一部广告
0          1
0.157          0.843
2届恺撒奖荣誉奖。2018年7月17日，美国《福布斯》公布2018年全球名人收入榜，乔治·克鲁尼排名第二。乔治·克鲁尼出身在演员世家，
0          1
0.066          0.934
直在叱咤903主持过多个受欢迎电台节目。林海峰是香港潮流界的代表人物之一，有不少追随者。他
0          1
0.031          0.969
林奕华，1959年生人，香港文化界著名人物，舞台剧导演。林奕华1991 年创立“ 非常林奕华”剧团，
0          1
0.002          0.998
工作是协助陈赓开展情报工作。1929年，王根英在上海生下了儿子陈知非，1931年4月，中央
0          1
0.007          0.993
对手，取得新赛季首胜。本场比赛，华裔小将林志坚也首次亮相德甲赛场，结果他的表现也堪称惊艳，赛后被德国《图片报》打了全场最高分。在上场65分
0          1
0.033          0.967
日，从德国传来一个令人兴奋的消息。效力于汉堡的华裔小将林志坚入选了德国U20国家青年队，正在备战周
0          1
0.014          0.986
013年9月15日，德甲第五轮，华裔小将林志坚为汉堡首发登场对阵多特蒙德，并用一次精彩的世
0          1
0.045          0.955
浙江，雍正年间沈氏家族中的一支继续南迁至福建侯官。嘉庆二十五年（1820年），沈葆桢出生于贫苦的读书人家庭，父亲沈廷枫以教
0          1
0.071          0.929
被工人发现的，碑文详细记录了张柬之故园及张柬之在襄阳的部分情况，并详细记载了张柬之（汉阳王
0          1
0.093          0.907
