实际为1，预测为0
此人乃是河北玉麒麟卢俊义，因为“反诗门”被打入大狱。蔡福收押了他后下班回家
0          1
0.958          0.042
获颁纪念章的其中一位国际友人遗属是印度友人柯棣华医生的侄女苏曼加拉·博卡。柯棣华曾随同
0          1
0.707          0.293
祭祀籍贯邢州的谥号都为文贞的三大名相魏徵、宋璟和刘秉忠
0          1
0.811          0.189
另一个就是海伦·凯勒。”美国《时代周刊》评选海伦·凯勒为“20世纪
0          1
0.597          0.403
新加坡金牌孪生音乐制作人李伟菘李偲菘老师也前来友情客串
0          1
0.906          0.094
13年范植伟迁居北京，签约内地经纪公司。范植伟是台湾新竹县竹东镇的客家子弟
0          1
0.624          0.376
李准基作为韩国电影人的代表，参加时任韩国总统卢武铉的
0          1
0.774          0.226
莫文蔚则成为首位香港代表
0          1
0.535          0.465
导演萨姆·雷米也因此点名邀请林迪安再任第三集武术指导。来自香港的林迪安曾和袁和平一起参与设计了《黑客
0          1
0.967          0.033
此点名邀请林迪安再任第三集武术指导。来自香港的林迪安曾和袁和平一起参与设计了《黑客帝国》的
0          1
0.983          0.017
实际为0，预测为1
太平军进犯湖南后，罗泽南从咸丰二年（1852年）开始以在籍生员
0          1
0.332          0.668
”这些话都体现了罗泽南这样一个儒将的制敌之道。湖南士人有固守程朱理学
0          1
0.010          0.990
蒋英，“中国航天之父”的夫人
0          1
0.057          0.943
何武年纪有十四、五岁，与成都人杨覆众等人一同研习并把它们编成歌曲演
0          1
0.313          0.687
返回四川。秦九韶自幼生活在家乡
0          1
0.163          0.837
刘秉忠又上言道：“邢州户口原有万余
0          1
0.253          0.747
导演张善宇便是上世纪90年代以来韩国最受关注的导演之一。1985年，张善宇
0          1
0.479          0.521
钟某全名钟石（又名钟小江）在北京、上海、广州等地从事财经及建筑
0          1
0.051          0.949
张世敏，男，大学学历，中共党员，现任洛阳市副市长
0          1
0.054          0.946
刘青云，祖籍广东三水。1983年刘青云加入香港无线电视第12期艺员训练班
0          1
0.077          0.923
家庭情况刘恺威的父亲是在83版《射雕英雄传》中扮演“洪七公”的香港演员刘丹。此外，刘恺威还有一个妹妹刘璀
0          1
0.485          0.515
周渝民在台湾媒体的票选中，当选“台湾第一帅哥”
0          1
0.439          0.561
李赛凤可以算是香港动作片头号女星
0          1
0.054          0.946
金马奖主席焦雄屏一直是台湾年轻影人的幕后推手
0          1
0.091          0.909
王祖贤的父亲王耀煌曾为台湾篮球队运动员，王祖贤继承了父亲的运动天赋
0          1
0.458          0.542
这个组合还包括另一位韩国歌手Yuny Han。蔡妍也曾以Jinny或者Jinny Lee
0          1
0.383          0.617
邝美云以5亿的家产稳坐香港炒楼女明星第一人。邝美云爱好养犬
0          1
0.462          0.538
饰演被绑架十年后获救、回到香港实施报复的悲剧人物韦逸升。郭晋安出生于长州
0          1
0.012          0.988
是爱尔兰裔的美国白人姑娘，是李小龙在华盛顿大学期间的同学
0          1
0.086          0.914
翁美玲是家中独女，中学就读香港玫瑰岗学校
0          1
0.051          0.949
张凤妮就等于“美人”代名词，香港寻十大“靓人”都少不了她
0          1
0.457          0.543
不傲、艳而不俗气质让她当之无愧的被冠以“香港美女”的称誉。不过，其中不为人知的是张凤妮3岁时已在水银灯下拍摄了她的第一部广告
0          1
0.330          0.670
吴婉芳毕业于香港梁式芝书院
0          1
0.075          0.925
该剧讲述韩国巨星和香港女摄影师之间跨越国境的命运般的爱情故事。随后，刘佩玥与洪永城、岑丽香、陈炜出演由叶镇辉监制
0          1
0.313          0.687
钟绍京称“小钟”。江西地方志列“十大乡贤”之一
0          1
0.325          0.675
陈宇琛的父亲是中国香港男演员石修。2016年，陈宇琛在英国向
0          1
0.360          0.640
美国《福布斯》公布2018年全球名人收入榜，乔治·克鲁尼排名第二。乔治·克鲁尼出身在演员世家
0          1
0.035          0.965
都牵涉到徽州人的现籍和祖籍的问题。清代徽州文书稿本《南旋日记》，认为胡雪岩的籍贯是绩溪毋庸置疑
0          1
0.072          0.928
香港玩晒。黄子华来自于一个破碎家庭
0          1
0.483          0.517
林海峰是香港潮流界的代表人物之一
0          1
0.100          0.900
李安的父亲是台湾教育家李升
0          1
0.487          0.513
由黄立行、韩裔美籍嘻哈天王级制作人Jae chong担
0          1
0.203          0.797
投资500多万元修缮张国焘和胞弟张国庶故居。据上栗县发布的消息显示
0          1
0.336          0.664
林奕华，1959年生人，香港文化界著名人物，舞台剧导演。林奕华1991 年创立“ 非常林奕华”剧团
0          1
0.009          0.991
王根英在上海生下了儿子陈知非
0          1
0.056          0.944
张之亮毕业于香港无线电视台第十期艺员训练班
0          1
0.448          0.552
徐志摩毕业于浙江一中
0          1
0.049          0.951
由于林志坚姓氏Lam，与德国国家足球队队长拉姆（Lahm）相似
0          1
0.054          0.946
可惜汉堡仍于主场以1-2败给沙尔克04。林志坚的香港移民儿子身份
0          1
0.287          0.713
效力于汉堡的华裔小将林志坚入选了德国U20国家青年队
0          1
0.387          0.613
福州市政府在馆内开辟了“福州市禁毒教育基地”。林则徐故居（云左山房）又名“云左山房”
0          1
0.106          0.894
雍正年间沈氏家族中的一支继续南迁至福建侯官。嘉庆二十五年（1820年），沈葆桢出生于贫苦的读书人家庭
0          1
0.080          0.920
家协会会员、高级摄影师、中国优秀摄影家、浙江省首批“五个一批”人才。刘志江摄影作品在省级以上报刊发表数千幅
0          1
0.102          0.898
（胡燕娜评）在米拉·奈尔看来，除了印度人之外，没有人会拍印度的故事，更没有人会在银幕上关心印度人
0          1
0.497          0.503
碑文详细记录了张柬之故园及张柬之在襄阳的部分情况，并详细记载了张柬之（汉阳王
0          1
0.238          0.762
碑文详细记录了张柬之故园及张柬之在襄阳的部分情况，并详细记载了张柬之（汉阳王）墓的地点
0          1
0.475          0.525
