实际为1，预测为0
<属性>是<属性>理学经世派的主要人物
0          1
0.608          0.392
此人乃是<属性>玉麒麟卢俊义，因为“反诗门”被打入大狱。<实体>收押了他后下班回家
0          1
0.887          0.113
<实体>，为崇城（今<属性>）国君
0          1
0.913          0.087
<实体>，为有崇氏（今<属性>）国君
0          1
0.735          0.265
毛主席送了亲笔挽词：“<属性>友人<实体>大夫远道来华
0          1
0.935          0.065
获颁纪念章的其中一位国际友人遗属是<属性>友人<实体>医生的侄女苏曼加拉·博卡。<实体>曾随同
0          1
0.948          0.052
美利坚合众国第16任总统<实体>与世长辞。布斯出身于<属性>戏剧界名门之后
0          1
0.512          0.488
导演<实体>便是上世纪90年代以来<属性>最受关注的导演之一。1985年，<实体>
0          1
0.948          0.052
<实体>，姬姓，名宋，为春秋诸侯国<属性>君主之一，是<属性>第二十五任君主
0          1
0.918          0.082
另一个就是<实体>。”<属性>《时代周刊》评选<实体>为“20世纪<属性>10大偶像之一”
0          1
0.728          0.272
个就是<实体>。”<属性>《时代周刊》评选<实体>为“20世纪<属性>10大偶像之一”
0          1
0.668          0.332
<属性>金牌孪生音乐制作人李伟菘<实体>老师也前来友情客串
0          1
0.701          0.299
在<属性>。按<实体>
0          1
0.997          0.003
（《上海电视周刊》评）<实体>，20世纪八十年代到九十年代，红极一时的<属性>动作武打女星
0          1
0.726          0.274
开的一本早期手抄本长坑王氏族普上就有包括<实体>在内的多名<属性>名人的祖籍
0          1
0.602          0.398
<实体>则成为首位<属性>代表
0          1
0.581          0.419
同年<实体>作为<属性>歌手代表
0          1
0.531          0.469
<实体>曾有着一种标杆性的启示意义。这位早年游走于好莱坞的<属性>导演
0          1
0.692          0.308
导演萨姆·雷米也因此点名邀请<实体>再任第三集武术指导。来自<属性>的<实体>曾和袁和平一起参与设计了《黑客
0          1
0.994          0.006
此点名邀请<实体>再任第三集武术指导。来自<属性>的<实体>曾和袁和平一起参与设计了《黑客帝国》的
0          1
0.990          0.010
实际为0，预测为1
<属性>，字襄。<属性>留学欧美预备学校第一任校长
0          1
0.153          0.847
<实体>，“<属性>航天之父”的夫人
0          1
0.023          0.977
<属性>被长沙歌迷票选为<属性>955电台2008年最值得期待的人
0          1
0.281          0.719
钟某全名钟石（又名<实体>）在<属性>、上海、广州等地从事财经及建筑
0          1
0.165          0.835
<实体>，祖籍广东三水。1983年<实体>加入<属性>无线电视第12期艺员训练班
0          1
0.141          0.859
<实体>在<属性>媒体的票选中，当选“<属性>第一帅哥”
0          1
0.469          0.531
<实体>嫁给<属性>知名玩具商罗氏家族太子爷罗启仁后
0          1
0.295          0.705
<实体>可以算是<属性>动作片头号女星
0          1
0.144          0.856
<实体>出生两个多月后便随父母从<属性>去往贵阳
0          1
0.098          0.902
<实体>出生两个多月后便随父母从<属性>去往贵阳，之后在贵阳生活了13年，孩提时代<实体>开始学习绘画。1979年，<实体>全家迁
0          1
0.415          0.585
<属性>回归祖国十周年，<实体>出演TVB和央视合作的60集时装商战剧
0          1
0.186          0.814
<实体>以5亿的家产稳坐<属性>炒楼女明星第一人，<实体>变成了身家达5亿的富豪
0          1
0.224          0.776
<实体>以5亿的家产稳坐<属性>炒楼女明星第一人。<实体>爱好养犬
0          1
0.182          0.818
是爱尔兰裔的<属性>白人姑娘，是<实体>在华盛顿大学期间的同学
0          1
0.050          0.950
<实体>是家中独女，中学就读<属性>玫瑰岗学校
0          1
0.089          0.911
作为<属性>著名实业家霍英东的长子，<实体>在<属性>颇受关注。他身兼数职，不仅是<属性>立法会
0          1
0.233          0.767
<实体>毕业于<属性>梁式芝书院
0          1
0.250          0.750
<属性>《福布斯》公布2018年全球名人收入榜，<实体>排名第二。<实体>出身在演员世家
0          1
0.095          0.905
都牵涉到<属性>人的现籍和祖籍的问题。清代<属性>文书稿本《南旋日记》，认为<实体>的籍贯是绩溪毋庸置疑
0          1
0.043          0.957
<实体>获得“叱咤乐坛男歌手金奖”（<属性>商业电台点播率第一的男歌手获此奖）
0          1
0.405          0.595
<属性>玩晒。<实体>来自于一个破碎家庭
0          1
0.042          0.958
<实体>是<属性>潮流界的代表人物之一
0          1
0.113          0.887
由<实体>、韩裔<属性>籍嘻哈天王级制作人Jae chong担
0          1
0.289          0.711
<实体>，1959年生人，<属性>文化界著名人物，舞台剧导演。<实体>1991 年创立“ 非常<实体>”剧团
0          1
0.005          0.995
<实体>在<属性>生下了儿子陈知非
0          1
0.021          0.979
<实体>毕业于<属性>一中
0          1
0.084          0.916
由于<实体>姓氏Lam，与<属性>国家足球队队长拉姆（Lahm）相似
0          1
0.283          0.717
华裔小将<实体>也首次亮相德甲赛场，结果他的表现也堪称惊艳，赛后被<属性>《图片报》打了全场最高分
0          1
0.218          0.782
效力于<属性>的华裔小将<实体>入选了德国U20国家青年队
0          1
0.085          0.915
华裔小将<实体>为<属性>首发登场对阵多特蒙德
0          1
0.107          0.893
雍正年间沈氏家族中的一支继续南迁至<属性>侯官。嘉庆二十五年（1820年），<实体>出生于贫苦的读书人家庭
0          1
0.365          0.635
一个是多才多艺的<属性>辣妹，一个嘻嘻哈哈的创作型歌手，<实体>和大张伟的这次合作可谓是“刀光剑影”、
0          1
0.296          0.704
家协会会员、高级摄影师、中国优秀摄影家、<属性>首批“五个一批”人才。<实体>摄影作品在省级以上报刊发表数千幅
0          1
0.097          0.903
（胡燕娜评）在<实体>看来，除了<属性>人之外，没有人会拍<属性>的故事，更没有人会在银幕上关心<属性>人
0          1
0.077          0.923
除了<属性>人之外，没有人会拍<属性>的故事，更没有人会在银幕上关心<属性>人。<实体>的大部分电影里都透露着鲜明的纪实色彩
0          1
0.053          0.947
<实体>是岛内拥有头衔最多、最具影响力的企业家 ，在<属性>经济界及政坛上十分活跃
0          1
0.143          0.857
创下<属性>当代艺术拍卖纪录。<实体>也因此被称为商业艺术家
0          1
0.294          0.706
