实际为1，预测为0
毛主席送了亲笔挽词：“印度友人柯棣华大夫远道来华
0          1
0.953          0.047
获颁纪念章的其中一位国际友人遗属是印度友人柯棣华医生的侄女苏曼加拉·博卡。柯棣华曾随同
0          1
0.684          0.316
祭祀籍贯邢州的谥号都为文贞的三大名相魏徵、宋璟和刘秉忠
0          1
0.675          0.325
导演张善宇便是上世纪90年代以来韩国最受关注的导演之一。1985年，张善宇
0          1
0.748          0.252
新加坡金牌孪生音乐制作人李伟菘李偲菘老师也前来友情客串
0          1
0.954          0.046
在柘城县。按朱襄氏
0          1
0.560          0.440
13年范植伟迁居北京，签约内地经纪公司。范植伟是台湾新竹县竹东镇的客家子弟
0          1
0.870          0.130
李准基作为韩国电影人的代表，参加时任韩国总统卢武铉的
0          1
0.971          0.029
莫文蔚则成为首位香港代表
0          1
0.966          0.034
同年张国荣作为香港歌手代表
0          1
0.736          0.264
（吴君如评）陈可辛心中唯一的香港演艺圈大哥
0          1
0.534          0.466
导演萨姆·雷米也因此点名邀请林迪安再任第三集武术指导。来自香港的林迪安曾和袁和平一起参与设计了《黑客
0          1
0.986          0.014
此点名邀请林迪安再任第三集武术指导。来自香港的林迪安曾和袁和平一起参与设计了《黑客帝国》的
0          1
0.987          0.013
1998年列台湾百大富豪第十一位。辜振甫于1988年6月被聘为台“总统府国策顾
0          1
0.835          0.165
实际为0，预测为1
潘天寿美术馆位于浙江宁海潘天寿艺术中心。潘天寿艺术中心分综合展厅、书画艺术工作室、宁
0          1
0.431          0.569
潘天寿美术馆位于浙江宁海潘天寿艺术中心。潘天寿艺术中心分综合展厅、书画艺术工作室、宁海历史名人人物画陈列馆、书画艺术培训基地
0          1
0.459          0.541
林伯襄，字襄。河南留学欧美预备学校第一任校长
0          1
0.030          0.970
蒋英，“中国航天之父”的夫人
0          1
0.053          0.947
何武年纪有十四、五岁，与成都人杨覆众等人一同研习并把它们编成歌曲演
0          1
0.324          0.676
返回四川。秦九韶自幼生活在家乡
0          1
0.160          0.840
钟某全名钟石（又名钟小江）在北京、上海、广州等地从事财经及建筑
0          1
0.248          0.752
刘青云，祖籍广东三水。1983年刘青云加入香港无线电视第12期艺员训练班
0          1
0.022          0.978
李赛凤可以算是香港动作片头号女星
0          1
0.211          0.789
这个组合还包括另一位韩国歌手Yuny Han。蔡妍也曾以Jinny或者Jinny Lee
0          1
0.421          0.579
饰演被绑架十年后获救、回到香港实施报复的悲剧人物韦逸升。郭晋安出生于长州
0          1
0.036          0.964
是爱尔兰裔的美国白人姑娘，是李小龙在华盛顿大学期间的同学
0          1
0.162          0.838
17岁的赵雅芝毕业于香港天主教崇德英文书院
0          1
0.176          0.824
作为香港著名实业家霍英东的长子，霍震霆在香港颇受关注。他身兼数职，不仅是香港立法会
0          1
0.256          0.744
吴婉芳毕业于香港梁式芝书院
0          1
0.025          0.975
该剧讲述韩国巨星和香港女摄影师之间跨越国境的命运般的爱情故事。随后，刘佩玥与洪永城、岑丽香、陈炜出演由叶镇辉监制
0          1
0.243          0.757
美国《福布斯》公布2018年全球名人收入榜，乔治·克鲁尼排名第二。乔治·克鲁尼出身在演员世家
0          1
0.228          0.772
都牵涉到徽州人的现籍和祖籍的问题。清代徽州文书稿本《南旋日记》，认为胡雪岩的籍贯是绩溪毋庸置疑
0          1
0.275          0.725
香港玩晒。黄子华来自于一个破碎家庭
0          1
0.193          0.807
林海峰是香港潮流界的代表人物之一
0          1
0.112          0.888
由黄立行、韩裔美籍嘻哈天王级制作人Jae chong担
0          1
0.410          0.590
林奕华，1959年生人，香港文化界著名人物，舞台剧导演。林奕华1991 年创立“ 非常林奕华”剧团
0          1
0.013          0.987
张之亮毕业于香港无线电视台第十期艺员训练班
0          1
0.111          0.889
徐志摩毕业于浙江一中
0          1
0.005          0.995
由于林志坚姓氏Lam，与德国国家足球队队长拉姆（Lahm）相似
0          1
0.287          0.713
华裔小将林志坚也首次亮相德甲赛场，结果他的表现也堪称惊艳，赛后被德国《图片报》打了全场最高分
0          1
0.371          0.629
效力于汉堡的华裔小将林志坚入选了德国U20国家青年队
0          1
0.203          0.797
华裔小将林志坚为汉堡首发登场对阵多特蒙德
0          1
0.318          0.682
雍正年间沈氏家族中的一支继续南迁至福建侯官。嘉庆二十五年（1820年），沈葆桢出生于贫苦的读书人家庭
0          1
0.161          0.839
一个是多才多艺的重庆辣妹，一个嘻嘻哈哈的创作型歌手，黄小蕾和大张伟的这次合作可谓是“刀光剑影”、
0          1
0.314          0.686
