实际为1，预测为0
。整个河北笼罩在一片恐怖气氛中，这激发了河北人民更大的反抗情绪，酿成了刘六、刘七起义。刘六、刘七是河北霸州文安人
0          1
0.947          0.053
置。一天，监狱里押来一名大人物，此人乃是河北玉麒麟卢俊义，因为“反诗门”被打入大狱。蔡福收押了他后下班回家，一出门口便碰到讨饭
0          1
0.642          0.358
界举行的追悼会上，毛主席送了亲笔挽词：“印度友人柯棣华大夫远道来华，援助抗日，在延安华北工作
0          1
0.987          0.013
念章。获颁纪念章的其中一位国际友人遗属是印度友人柯棣华医生的侄女苏曼加拉·博卡。柯棣华曾随同
0          1
0.920          0.080
，在顺德府城内（今邢台桥东区），祭祀籍贯邢州的谥号都为文贞的三大名相魏徵、宋璟和刘秉忠。祭词：“世间明贤，同产此邦，文章德业
0          1
0.903          0.097
要归功于一批具有国际水准的一流导演。导演张善宇便是上世纪90年代以来韩国最受关注的导演之一。1985年，张善宇
0          1
0.545          0.455
，一个是拿破仑，另一个就是海伦·凯勒。”美国《时代周刊》评选海伦·凯勒为“20世纪美国10大偶像之一”。并且
0          1
0.579          0.421
013年出演《妈，亲一下》，饰演柯景山。梁正群与女友相爱15年秘密离婚。台湾艺人梁正群与圈外女友Anita交往15
0          1
0.997          0.003
，首次担任导演精心打造的电影“处女作”，新加坡金牌孪生音乐制作人李伟菘李偲菘老师也前来友情客串，此次受邀参演《栀子
0          1
0.958          0.042
开的一本早期手抄本长坑王氏族普上就有包括王永庆在内的多名台湾名人的祖籍,并注明何时迁往何地)移居今
0          1
0.536          0.464
岭南大学，香港男演员、歌手。1994年，陈浩民为维他奶拍摄广告而加入娱乐圈，之后成为香港无线电视艺员。1995年推出首张唱片《
0          1
0.983          0.017
江湖任其笑傲。（腾讯网评）在华人电影圈，陈可辛曾有着一种标杆性的启示意义。这位早年游走于好莱坞的香港导演，对现代娱乐工业的理解和掌握是如此
0          1
0.989          0.011
漫对白只会发生在他的电影里。（吴君如评）陈可辛心中唯一的香港演艺圈大哥，早就觉得他肯定成功。（曾志
0          1
0.934          0.066
进步十倍”！导演萨姆·雷米也因此点名邀请林迪安再任第三集武术指导。来自香港的林迪安曾和袁和平一起参与设计了《黑客
0          1
0.993          0.007
实际为0，预测为1
高望重的教育家，更是著名的爱国主义学者。林伯襄，字襄。河南留学欧美预备学校第一任校长，著名教育家
0          1
0.009          0.991
。）韩家先世是凤阳人（今属安徽），后迁于长洲，乃书香门第。韩菼的曾祖、祖父和父亲都通过科举入仕，做过
0          1
0.069          0.931
划时代的科学家，我们怎么评价他都不为过。蒋英，“中国航天之父”的夫人，一位同样卓越的声乐学
0          1
0.021          0.979
(1225)六月，被任命为潼川知府，返回四川。秦九韶自幼生活在家乡，18岁时曾“在乡里为义
0          1
0.399          0.601
仔女便由台湾来港陪他。秦汉的女儿好怕丑，孙诗雯在台湾是填词人。秦汉称仔女的性格截然不同，以
0          1
0.189          0.811
事建筑据可靠消息透露，钟某全名钟石（又名钟小江）在北京、上海、广州等地从事财经及建筑，他负责
0          1
0.042          0.958
男主角。刘青云，祖籍广东三水。1983年刘青云加入香港无线电视第12期艺员训练班。其间曾在《
0          1
0.168          0.832
慈美均出生于台南市，早年因北上经商而定居台北，而除了父母，林志玲还有一位年长自己一岁的哥哥林志鸿。林志
0          1
0.010          0.990
经营之神”，其经营之道更是备受推崇，很多台湾企业家都将王永庆的管理经验当作最为实用的教科书。有位叫
0          1
0.395          0.605
时候组合有6名成员。这个组合还包括另一位韩国歌手Yuny Han。蔡妍也曾以Jinny或者Jinny Lee
0          1
0.201          0.799
届釜山国际电影节闭幕式。1966年夏天，王小帅出生两个多月后便随父母从上海去往贵阳，之后在贵阳生活了13年，孩提
0          1
0.321          0.679
挑战黑化角色，饰演被绑架十年后获救、回到香港实施报复的悲剧人物韦逸升。郭晋安出生于长州，原名郭亚（粤语发音同“阿”
0          1
0.012          0.988
达·埃莫瑞(Linda) ，是爱尔兰裔的美国白人姑娘，是李小龙在华盛顿大学期间的同学，1963年认识
0          1
0.010          0.990
视此事。作为香港著名实业家霍英东的长子，霍震霆在香港颇受关注。他身兼数职，不仅是香港立法会
0          1
0.310          0.690
不傲、艳而不俗气质让她当之无愧的被冠以“香港美女”的称誉。不过，其中不为人知的是张凤妮3岁时已在水银灯下拍摄了她的第一部广告
0          1
0.186          0.814
》，饰演摄影师桃子美。该剧讲述韩国巨星和香港女摄影师之间跨越国境的命运般的爱情故事。随后，刘佩玥与洪永城、岑丽香、陈炜出演由叶镇辉监制
0          1
0.230          0.770
2届恺撒奖荣誉奖。2018年7月17日，美国《福布斯》公布2018年全球名人收入榜，乔治·克鲁尼排名第二。乔治·克鲁尼出身在演员世家，
0          1
0.461          0.539
直在叱咤903主持过多个受欢迎电台节目。林海峰是香港潮流界的代表人物之一，有不少追随者。他
0          1
0.035          0.965
也专属于Stanley自有的音乐风格。由黄立行、韩裔美籍嘻哈天王级制作人Jae chong担
0          1
0.060          0.940
县政府决定搁置争议，投资500多万元修缮张国焘和胞弟张国庶故居。据上栗县发布的消息显示，由湖南省有关单位设计的
0          1
0.455          0.545
林奕华，1959年生人，香港文化界著名人物，舞台剧导演。林奕华1991 年创立“ 非常林奕华”剧团，
0          1
0.012          0.988
的汉堡二队，上场37场取得3个入球。由于林志坚姓氏Lam，与德国国家足球队队长拉姆（Lahm）相似，因
0          1
0.138          0.862
日，从德国传来一个令人兴奋的消息。效力于汉堡的华裔小将林志坚入选了德国U20国家青年队，正在备战周
0          1
0.184          0.816
013年9月15日，德甲第五轮，华裔小将林志坚为汉堡首发登场对阵多特蒙德，并用一次精彩的世
0          1
0.457          0.543
浙江，雍正年间沈氏家族中的一支继续南迁至福建侯官。嘉庆二十五年（1820年），沈葆桢出生于贫苦的读书人家庭，父亲沈廷枫以教
0          1
0.025          0.975
乐队主唱大张伟亲自操刀。一个是多才多艺的重庆辣妹，一个嘻嘻哈哈的创作型歌手，黄小蕾和大张伟的这次合作可谓是“刀光剑影”、
0          1
0.242          0.758
员，司职中场，现效力于中超球队江苏舜天。李炽在广东青年队出道，2002年帮助广东雄鹰队在
0          1
0.150          0.850
家协会会员、高级摄影师、中国优秀摄影家、浙江省首批“五个一批”人才。刘志江摄影作品在省级以上报刊发表数千幅，中国
0          1
0.350          0.650
被工人发现的，碑文详细记录了张柬之故园及张柬之在襄阳的部分情况，并详细记载了张柬之（汉阳王
0          1
0.386          0.614
