实际为1，预测为0
整个<属性>笼罩在一片恐怖气氛中，这激发了<属性>人民更大的反抗情绪，酿成了<实体>、刘七起义。<实体>、刘七是<属性>霸州文安人
0          1
0.988          0.012
此人乃是<属性>玉麒麟卢俊义，因为“反诗门”被打入大狱。<实体>收押了他后下班回家
0          1
0.989          0.011
<实体>的家在<属性>延边，小的时候家里人都很喜欢排球，而且<实体>身高已经很高
0          1
0.784          0.216
<实体>，为崇城（今<属性>）国君
0          1
0.946          0.054
<实体>，为有崇氏（今<属性>）国君
0          1
0.944          0.056
毛主席送了亲笔挽词：“<属性>友人<实体>大夫远道来华
0          1
0.946          0.054
获颁纪念章的其中一位国际友人遗属是<属性>友人<实体>医生的侄女苏曼加拉·博卡。<实体>曾随同
0          1
0.608          0.392
祭祀籍贯<属性>的谥号都为文贞的三大名相魏徵、宋璟和<实体>
0          1
0.927          0.073
美利坚合众国第16任总统<实体>与世长辞。布斯出身于<属性>戏剧界名门之后
0          1
0.991          0.009
导演<实体>便是上世纪90年代以来<属性>最受关注的导演之一。1985年，<实体>
0          1
0.789          0.211
<实体>，姬姓，名宋，为春秋诸侯国<属性>君主之一，是<属性>第二十五任君主
0          1
0.992          0.008
另一个就是<实体>。”<属性>《时代周刊》评选<实体>为“20世纪<属性>10大偶像之一”
0          1
0.990          0.010
个就是<实体>。”<属性>《时代周刊》评选<实体>为“20世纪<属性>10大偶像之一”
0          1
0.988          0.012
<实体>与女友相爱15年秘密离婚。<属性>艺人<实体>与圈外女友Anita交往15
0          1
0.608          0.392
<实体>与女友相爱15年秘密离婚。<属性>艺人<实体>与圈外女友Anita交往15年十分低调
0          1
0.633          0.367
<属性>金牌孪生音乐制作人李伟菘<实体>老师也前来友情客串
0          1
0.946          0.054
在<属性>。按<实体>
0          1
0.994          0.006
（《上海电视周刊》评）<实体>，20世纪八十年代到九十年代，红极一时的<属性>动作武打女星
0          1
0.995          0.005
<实体>家族是<属性>最有名望的大家族
0          1
0.563          0.437
<实体>作为<属性>电影人的代表，参加时任<属性>总统卢武铉的
0          1
0.909          0.091
<实体>是<属性>女星中具有知性美的女演员
0          1
0.743          0.257
<属性>物理学家<实体>发现了X射线
0          1
0.632          0.368
48岁<属性>女星<实体>在微博晒出海边度假照
0          1
0.927          0.073
<实体>曾有着一种标杆性的启示意义。这位早年游走于好莱坞的<属性>导演
0          1
0.956          0.044
<实体>也是<属性>的名嘴
0          1
0.991          0.009
<实体>是少数公开坦承同性恋性向的<属性>知名人士
0          1
0.992          0.008
<属性>传奇摄影师<实体>去世
0          1
0.775          0.225
导演萨姆·雷米也因此点名邀请<实体>再任第三集武术指导。来自<属性>的<实体>曾和袁和平一起参与设计了《黑客
0          1
0.994          0.006
此点名邀请<实体>再任第三集武术指导。来自<属性>的<实体>曾和袁和平一起参与设计了《黑客帝国》的
0          1
0.995          0.005
实际为0，预测为1
<属性>，字襄。<属性>留学欧美预备学校第一任校长
0          1
0.029          0.971
<实体>，“<属性>航天之父”的夫人
0          1
0.016          0.984
返回<属性>。<实体>自幼生活在家乡
0          1
0.156          0.844
<实体>，祖籍广东三水。1983年<实体>加入<属性>无线电视第12期艺员训练班
0          1
0.128          0.872
<实体>在<属性>媒体的票选中，当选“<属性>第一帅哥”
0          1
0.412          0.588
<属性>内某会计师说，台塑创办人<实体>
0          1
0.376          0.624
也将结束自<实体>逝世后，王家始终未出现在富豪榜榜单的尴尬局面。<属性>《经济日报》评论文章说
0          1
0.184          0.816
是爱尔兰裔的<属性>白人姑娘，是<实体>在华盛顿大学期间的同学
0          1
0.061          0.939
不傲、艳而不俗气质让她当之无愧的被冠以“<属性>美女”的称誉。不过，其中不为人知的是<实体>3岁时已在水银灯下拍摄了她的第一部广告
0          1
0.295          0.705
<属性>《福布斯》公布2018年全球名人收入榜，<实体>排名第二。<实体>出身在演员世家
0          1
0.069          0.931
<实体>是<属性>潮流界的代表人物之一
0          1
0.026          0.974
由<实体>、韩裔<属性>籍嘻哈天王级制作人Jae chong担
0          1
0.063          0.937
<实体>，1959年生人，<属性>文化界著名人物，舞台剧导演。<实体>1991 年创立“ 非常<实体>”剧团
0          1
0.011          0.989
<实体>毕业于<属性>一中
0          1
0.168          0.832
由于<实体>姓氏Lam，与<属性>国家足球队队长拉姆（Lahm）相似
0          1
0.383          0.617
华裔小将<实体>也首次亮相德甲赛场，结果他的表现也堪称惊艳，赛后被<属性>《图片报》打了全场最高分
0          1
0.096          0.904
效力于<属性>的华裔小将<实体>入选了德国U20国家青年队
0          1
0.048          0.952
华裔小将<实体>为<属性>首发登场对阵多特蒙德
0          1
0.099          0.901
家协会会员、高级摄影师、中国优秀摄影家、<属性>首批“五个一批”人才。<实体>摄影作品在省级以上报刊发表数千幅
0          1
0.129          0.871
