实际为1，预测为0
罗泽南是湖南理学经世派的主要人物
0          1
0.901          0.099
安徽是重灾区，家乡亲友登门，刘健挺总是让家人节衣缩食
0          1
0.995          0.005
此人乃是河北玉麒麟卢俊义，因为“反诗门”被打入大狱。蔡福收押了他后下班回家
0          1
0.911          0.089
毛主席送了亲笔挽词：“印度友人柯棣华大夫远道来华
0          1
0.996          0.004
获颁纪念章的其中一位国际友人遗属是印度友人柯棣华医生的侄女苏曼加拉·博卡。柯棣华曾随同
0          1
0.984          0.016
祭祀籍贯邢州的谥号都为文贞的三大名相魏徵、宋璟和刘秉忠
0          1
0.909          0.091
美利坚合众国第16任总统亚伯拉罕·林肯与世长辞。布斯出身于美国戏剧界名门之后
0          1
0.612          0.388
鲁定公，姬姓，名宋，为春秋诸侯国鲁国君主之一，是鲁国第二十五任君主
0          1
0.775          0.225
梁正群与女友相爱15年秘密离婚。台湾艺人梁正群与圈外女友Anita交往15
0          1
0.715          0.285
新加坡金牌孪生音乐制作人李伟菘李偲菘老师也前来友情客串
0          1
0.934          0.066
在柘城县。按朱襄氏
0          1
0.803          0.197
安徽人李鸿章在幕中主持机要时
0          1
0.991          0.009
李准基作为韩国电影人的代表，参加时任韩国总统卢武铉的
0          1
0.950          0.050
高丽虹虽然是在香港长大
0          1
0.988          0.012
弟：顾允成七世侄孙：顾皋顾宪成纪念馆，在无锡张泾镇元吉弄内，是顾宪成、顾允成兄弟诞生地
0          1
0.653          0.347
（吴君如评）陈可辛心中唯一的香港演艺圈大哥
0          1
0.822          0.178
蔡康永是少数公开坦承同性恋性向的台湾知名人士
0          1
0.547          0.453
导演萨姆·雷米也因此点名邀请林迪安再任第三集武术指导。来自香港的林迪安曾和袁和平一起参与设计了《黑客
0          1
0.995          0.005
此点名邀请林迪安再任第三集武术指导。来自香港的林迪安曾和袁和平一起参与设计了《黑客帝国》的
0          1
0.995          0.005
妈祖林默和林则徐都是“九牧林氏”后代， 林则徐先祖世居莆田，后迁居福州。 妈祖是林则徐的“祖姑”
0          1
0.798          0.202
一个是多才多艺的重庆辣妹，一个嘻嘻哈哈的创作型歌手，黄小蕾和大张伟的这次合作可谓是“刀光剑影”、
0          1
0.898          0.102
实际为0，预测为1
李赛凤可以算是香港动作片头号女星
0          1
0.059          0.941
也将结束自王永庆逝世后，王家始终未出现在富豪榜榜单的尴尬局面。台湾《经济日报》评论文章说
0          1
0.072          0.928
这个组合还包括另一位韩国歌手Yuny Han。蔡妍也曾以Jinny或者Jinny Lee
0          1
0.230          0.770
饰演被绑架十年后获救、回到香港实施报复的悲剧人物韦逸升。郭晋安出生于长州
0          1
0.104          0.896
钟绍京称“小钟”。江西地方志列“十大乡贤”之一
0          1
0.435          0.565
美国《福布斯》公布2018年全球名人收入榜，乔治·克鲁尼排名第二。乔治·克鲁尼出身在演员世家
0          1
0.028          0.972
都牵涉到徽州人的现籍和祖籍的问题。清代徽州文书稿本《南旋日记》，认为胡雪岩的籍贯是绩溪毋庸置疑
0          1
0.302          0.698
莫文蔚则成为首位香港代表
0          1
0.022          0.978
林海峰是香港潮流界的代表人物之一
0          1
0.011          0.989
1998年台湾导演文安雄执导的《灵与欲》这部影片，由柯俊雄和舒淇及李莉莉出演
0          1
0.307          0.693
由黄立行、韩裔美籍嘻哈天王级制作人Jae chong担
0          1
0.377          0.623
林奕华，1959年生人，香港文化界著名人物，舞台剧导演。林奕华1991 年创立“ 非常林奕华”剧团
0          1
0.008          0.992
提升上由前阿根廷国脚鲁道福·卡多索带领的汉堡二队，上场37场取得3个入球。由于林志坚姓氏Lam
0          1
0.057          0.943
由于林志坚姓氏Lam，与德国国家足球队队长拉姆（Lahm）相似
0          1
0.094          0.906
华裔小将林志坚也首次亮相德甲赛场，结果他的表现也堪称惊艳，赛后被德国《图片报》打了全场最高分
0          1
0.368          0.632
效力于汉堡的华裔小将林志坚入选了德国U20国家青年队
0          1
0.043          0.957
华裔小将林志坚为汉堡首发登场对阵多特蒙德
0          1
0.442          0.558
碑文详细记录了张柬之故园及张柬之在襄阳的部分情况，并详细记载了张柬之（汉阳王
0          1
0.166          0.834
碑文详细记录了张柬之故园及张柬之在襄阳的部分情况，并详细记载了张柬之（汉阳王）墓的地点
0          1
0.312          0.688
