实际为1，预测为0
全国各族人民的拥护。1917年元月9日，刘永福走完了一生的历史途程，在钦州老家溘然长逝，终年80岁，葬于惠州城内
0          1
0.908          0.092
的他，总想寻机闯荡一番惊天动地之事业。与唐景崧家乡广西毗邻的越南是中国的藩属国。法国早就对越
0          1
0.500          0.500
到灌阳县江口村老家。对国家命运心灰意冷的唐景崧，为摆脱烦忧，便请来戏班，终日闭门听戏消磨时光。灌阳与湖南交界。那里的地方戏与湖南南部的祁
0          1
0.900          0.100
，历迁任知县、同知、道员（加按察使衔）。罗泽南是湖南理学经世派的主要人物，一面反复研读“性
0          1
0.503          0.497
。整个河北笼罩在一片恐怖气氛中，这激发了河北人民更大的反抗情绪，酿成了刘六、刘七起义。刘六、刘七是河北霸州文安人
0          1
0.895          0.105
断。8 月 7 日，中央召开紧急会议后，舒传贤被派回家乡开展农民运动。他回到家乡霍山，利用串亲交友方式，宣传马列主义，成立
0          1
0.906          0.094
民劳动，他跟着干轻活。“三年困难时期”，安徽是重灾区，家乡亲友登门，刘健挺总是让家人节衣缩食，尽可能给予帮助，而
0          1
0.889          0.111
后，共产党员舒传贤、刘淠西等纷纷回到家乡霍山从事革命活动。刘健挺与舒传贤同为东北乡人。舒传贤回乡后，深
0          1
0.853          0.147
，将抗日救亡的声浪传向全国。当时他俩正在王实味家乡河南开封，两位年轻的共产党员商定，一起奔赴
0          1
0.521          0.479
置。一天，监狱里押来一名大人物，此人乃是河北玉麒麟卢俊义，因为“反诗门”被打入大狱。蔡福收押了他后下班回家，一出门口便碰到讨饭
0          1
0.807          0.193
靖”。根据代县孙氏 《代州孙氏家乘》记载孙传庭始祖是明朝洪武初年迁居山西，其始迁祖孙成（生子：孙顺）在洪武年间
0          1
0.877          0.123
排获得《感动中国》2016年度特别致敬。刘晓彤的家在吉林延边，小的时候家里人都很喜欢排球，而且
0          1
0.636          0.364
中国》2016年度特别致敬。刘晓彤的家在吉林延边，小的时候家里人都很喜欢排球，而且刘晓彤身高已经很高，于是便让她接触了排球这项
0          1
0.872          0.128
崇侯虎，为崇城（今陕西户县）国君，侯爵，名虎。《史记·殷本纪》中
0          1
0.520          0.480
征伐。在保卫商朝边境安宁方面做出了贡献。崇侯虎，为有崇氏（今陕西户县）国君，侯爵，名虎。受商封为侯，是纣王
0          1
0.527          0.473
孟珙立庙，题名“威爱”。南宋文豪刘克庄为孟珙撰写了碑文。孟珙家乡的人民，为纪念孟珙忠烈，将随州城两乡的孟家故里命名为孟家桥。孟珙后葬
0          1
0.860          0.140
界举行的追悼会上，毛主席送了亲笔挽词：“印度友人柯棣华大夫远道来华，援助抗日，在延安华北工作
0          1
0.894          0.106
念章。获颁纪念章的其中一位国际友人遗属是印度友人柯棣华医生的侄女苏曼加拉·博卡。柯棣华曾随同
0          1
0.642          0.358
，在顺德府城内（今邢台桥东区），祭祀籍贯邢州的谥号都为文贞的三大名相魏徵、宋璟和刘秉忠。祭词：“世间明贤，同产此邦，文章德业
0          1
0.900          0.100
要归功于一批具有国际水准的一流导演。导演张善宇便是上世纪90年代以来韩国最受关注的导演之一。1985年，张善宇
0          1
0.828          0.172
鲁定公，姬姓，名宋，为春秋诸侯国鲁国君主之一，是鲁国第二十五任君主。他为鲁昭公的弟弟，承袭
0          1
0.509          0.491
tional. Inc 简称HKI )由海伦·凯勒与其他美国人于1915年创建，宗旨是协助政府开展
0          1
0.519          0.481
，一个是拿破仑，另一个就是海伦·凯勒。”美国《时代周刊》评选海伦·凯勒为“20世纪美国10大偶像之一”。并且
0          1
0.888          0.112
个就是海伦·凯勒。”美国《时代周刊》评选海伦·凯勒为“20世纪美国10大偶像之一”。并且她留给人们最大的
0          1
0.866          0.134
013年出演《妈，亲一下》，饰演柯景山。梁正群与女友相爱15年秘密离婚。台湾艺人梁正群与圈外女友Anita交往15
0          1
0.894          0.106
志卷51《古迹．古城》中有：“朱襄城，在柘城县。按朱襄氏，伏羲之后。禅通纪，谓其都于朱，故号朱
0          1
0.557          0.443
迁往何地)移居今台北县新店直潭的。王家在台湾第一代祖先是王永庆的曾祖父王天来。王天来是在因灾荒随寡母
0          1
0.860          0.140
，王家后来一跃成为当地的有钱人家。如今，王永庆家族是台湾最有名望的大家族，家产丰厚，人丁兴盛。
0          1
0.707          0.293
王家可称得上是台湾的豪富之家，其灵魂人物王永庆多次被评为“台湾首富”。他先后娶了三位太太，大太太是童
0          1
0.890          0.110
岭南大学，香港男演员、歌手。1994年，陈浩民为维他奶拍摄广告而加入娱乐圈，之后成为香港无线电视艺员。1995年推出首张唱片《
0          1
0.881          0.119
饰出现，获得了“最佳民族服装奖”的季军。高丽虹虽然是在香港长大，但因家庭教育的原因，粤语说地并不
0          1
0.528          0.472
弟：顾允成七世侄孙：顾皋顾宪成纪念馆，在无锡张泾镇元吉弄内，是顾宪成、顾允成兄弟诞生地。纪念馆内的端居堂面
0          1
0.665          0.335
诊断开创医疗影像技术的先河。1895年，德国物理学家威廉·康拉德·伦琴发现了X射线，为人类利用X射线诊断与治
0          1
0.856          0.144
1]。2015年1月3日下午2点，48岁香港女星温碧霞在微博晒出海边度假照，并附文“留下美好
0          1
0.880          0.120
江湖任其笑傲。（腾讯网评）在华人电影圈，陈可辛曾有着一种标杆性的启示意义。这位早年游走于好莱坞的香港导演，对现代娱乐工业的理解和掌握是如此
0          1
0.889          0.111
影的提名。当地时间2017年4月12日，德国传奇摄影师迈克尔·包豪斯去世，享年81岁。1935年8月5日出
0          1
0.887          0.113
进步十倍”！导演萨姆·雷米也因此点名邀请林迪安再任第三集武术指导。来自香港的林迪安曾和袁和平一起参与设计了《黑客
0          1
0.875          0.125
一个令人兴奋的消息。效力于汉堡的华裔小将林志坚入选了德国U20国家青年队，正在备战周末同波兰的
0          1
0.890          0.110
仰的心情，来到湄洲来朝拜妈祖。妈祖林默和林则徐都是“九牧林氏”后代， 林则徐先祖世居莆田，后迁居福州。 妈祖是林则徐的“祖姑”。妈祖作为人
0          1
0.886          0.114
实际为0，预测为1
高望重的教育家，更是著名的爱国主义学者。林伯襄，字襄。河南留学欧美预备学校第一任校长，著名教育家
0          1
0.298          0.702
。）韩家先世是凤阳人（今属安徽），后迁于长洲，乃书香门第。韩菼的曾祖、祖父和父亲都通过科举入仕，做过
0          1
0.464          0.536
划时代的科学家，我们怎么评价他都不为过。蒋英，“中国航天之父”的夫人，一位同样卓越的声乐学
0          1
0.347          0.653
仔女便由台湾来港陪他。秦汉的女儿好怕丑，孙诗雯在台湾是填词人。秦汉称仔女的性格截然不同，以
0          1
0.461          0.539
张世敏，男，大学学历，中共党员，现任洛阳市副市长，负责安全生产、煤炭工业、煤矿安
0          1
0.239          0.761
慧男。主演电影《小鬼奇兵》后淡出演艺圈。李赛凤自小热爱中国舞蹈，在1993年-2010年于香港创
0          1
0.414          0.586
南昌大学戏剧影视学院名誉院长。金马奖主席焦雄屏一直是台湾年轻影人的幕后推手。
0          1
0.301          0.699
慈美均出生于台南市，早年因北上经商而定居台北，而除了父母，林志玲还有一位年长自己一岁的哥哥林志鸿。林志
0          1
0.100          0.900
时候组合有6名成员。这个组合还包括另一位韩国歌手Yuny Han。蔡妍也曾以Jinny或者Jinny Lee
0          1
0.443          0.557
层坠楼身亡，年仅43岁。贾宏声的父母都是吉林四平地方剧团的话剧演员。贾宏声与周迅是在1998年于上海拍摄娄烨的电
0          1
0.483          0.517
届釜山国际电影节闭幕式。1966年夏天，王小帅出生两个多月后便随父母从上海去往贵阳，之后在贵阳生活了13年，孩提
0          1
0.478          0.522
投资和经营的成功，邝美云以5亿的家产稳坐香港炒楼女明星第一人，邝美云变成了身家达5亿的富豪。2003年开始
0          1
0.415          0.585
保值、股票上成功，邝美云以5亿的家产稳坐香港炒楼女明星第一人。邝美云爱好养犬，养有爱犬Cash和Euro，
0          1
0.429          0.571
挑战黑化角色，饰演被绑架十年后获救、回到香港实施报复的悲剧人物韦逸升。郭晋安出生于长州，原名郭亚（粤语发音同“阿”
0          1
0.274          0.726
达·埃莫瑞(Linda) ，是爱尔兰裔的美国白人姑娘，是李小龙在华盛顿大学期间的同学，1963年认识
0          1
0.285          0.715
入读了旧金山州立大学，但只取得了肄业证。罗佩芝天生丽质，而且自幼便富有歌唱天赋，在香港读中学时其歌唱才艺便为外界所知。197
0          1
0.280          0.720
2届恺撒奖荣誉奖。2018年7月17日，美国《福布斯》公布2018年全球名人收入榜，乔治·克鲁尼排名第二。乔治·克鲁尼出身在演员世家，
0          1
0.432          0.568
。2018年黄子华主演电影《栋笃特工》在香港上映，票房超四千万。黄子华出身于一个中产家庭，于九龙红磡长大。小
0          1
0.345          0.655
》一片。在这部陈耀成编导的政治文艺片中，陈令智饰演一位香港舞蹈家。影片透过她写信给著名瑞典女星莉
0          1
0.412          0.588
)一片。在这部陈耀成编导的政治文艺片中，陈令智饰演一位香港舞蹈家。影片透过她写信给著名瑞典女星莉
0          1
0.408          0.592
也专属于Stanley自有的音乐风格。由黄立行、韩裔美籍嘻哈天王级制作人Jae chong担
0          1
0.368          0.632
县政府决定搁置争议，投资500多万元修缮张国焘和胞弟张国庶故居。据上栗县发布的消息显示，由湖南省有关单位设计的
0          1
0.320          0.680
林奕华，1959年生人，香港文化界著名人物，舞台剧导演。林奕华1991 年创立“ 非常林奕华”剧团，
0          1
0.046          0.954
国读书。2012年余安安的大女李文琪成为香港的注册律师。余安安参演电影刑警兄弟[35]2016-04
0          1
0.481          0.519
的汉堡二队，上场37场取得3个入球。由于林志坚姓氏Lam，与德国国家足球队队长拉姆（Lahm）相似，因
0          1
0.396          0.604
浙江，雍正年间沈氏家族中的一支继续南迁至福建侯官。嘉庆二十五年（1820年），沈葆桢出生于贫苦的读书人家庭，父亲沈廷枫以教
0          1
0.222          0.778
画了社会激荡中的人事变迁。（胡燕娜评）在米拉·奈尔看来，除了印度人之外，没有人会拍印度的故事，更没有人会在银幕上关心印度人。
0          1
0.469          0.531
念真真正的出生日，1952年8月5日则是吴念真身份证上所刊登的出生日，这在台湾身份证推行早期是常常发生的状况。195
0          1
0.488          0.512
管理理事会下属学术机构国际管理学院院士。辜振甫是岛内拥有头衔最多、最具影响力的企业家 ，在台湾经济界及政坛上十分活跃。1961年~1
0          1
0.315          0.685
固。“家里人个个好吃，而且也吃得讲究。”张兰说。在那个中国人缺吃少穿的年代，张兰家的饭桌也照样有
0          1
0.442          0.558
