实际为1，预测为0
<属性>是<属性>理学经世派的主要人物
0          1
0.537          0.463
<属性>是重灾区，家乡亲友登门，<属性>总是让家人节衣缩食
0          1
0.621          0.379
此人乃是<属性>玉麒麟卢俊义，因为“反诗门”被打入大狱。<实体>收押了他后下班回家
0          1
0.738          0.262
根据代县孙氏 《代州孙氏家乘》记载<实体>始祖是明朝洪武初年迁居<属性>
0          1
0.587          0.413
毛主席送了亲笔挽词：“<属性>友人<实体>大夫远道来华
0          1
0.910          0.090
获颁纪念章的其中一位国际友人遗属是<属性>友人<实体>医生的侄女苏曼加拉·博卡。<实体>曾随同
0          1
0.814          0.186
祭祀籍贯<属性>的谥号都为文贞的三大名相魏徵、宋璟和<实体>
0          1
0.613          0.387
美利坚合众国第16任总统<实体>与世长辞。布斯出身于<属性>戏剧界名门之后
0          1
0.720          0.280
导演<实体>便是上世纪90年代以来<属性>最受关注的导演之一。1985年，<实体>
0          1
0.618          0.382
另一个就是<实体>。”<属性>《时代周刊》评选<实体>为“20世纪<属性>10大偶像之一”
0          1
0.893          0.107
个就是<实体>。”<属性>《时代周刊》评选<实体>为“20世纪<属性>10大偶像之一”
0          1
0.817          0.183
在<属性>。按<实体>
0          1
0.911          0.089
”台塑王家可称得上是<属性>的豪富之家，其灵魂人物<实体>多次被评为“<属性>首富”
0          1
0.515          0.485
王家可称得上是<属性>的豪富之家，其灵魂人物<实体>多次被评为“<属性>首富”
0          1
0.504          0.496
13年<实体>迁居北京，签约内地经纪公司。<实体>是<属性>的客家子弟
0          1
0.681          0.319
<实体>作为<属性>电影人的代表，参加时任<属性>总统卢武铉的
0          1
0.781          0.219
<实体>虽然是在<属性>长大
0          1
0.913          0.087
48岁<属性>女星<实体>在微博晒出海边度假照
0          1
0.590          0.410
同年<实体>作为<属性>歌手代表
0          1
0.649          0.351
<实体>曾有着一种标杆性的启示意义。这位早年游走于好莱坞的<属性>导演
0          1
0.734          0.266
（吴君如评）<实体>心中唯一的<属性>演艺圈大哥
0          1
0.709          0.291
<实体>是少数公开坦承同性恋性向的<属性>知名人士
0          1
0.613          0.387
（新京报、中华娱乐网评）<实体>作为<属性>新锐导演的代表人物，其作品直面当下<属性>
0          1
0.637          0.363
<属性>传奇摄影师<实体>去世
0          1
0.527          0.473
导演萨姆·雷米也因此点名邀请<实体>再任第三集武术指导。来自<属性>的<实体>曾和袁和平一起参与设计了《黑客
0          1
0.953          0.047
此点名邀请<实体>再任第三集武术指导。来自<属性>的<实体>曾和袁和平一起参与设计了《黑客帝国》的
0          1
0.955          0.045
效力于汉堡的华裔小将<实体>入选了<属性>U20国家青年队
0          1
0.646          0.354
妈祖林默和<实体>都是“九牧林氏”后代， <实体>先祖世居莆田，后迁居<属性>。 妈祖是<实体>的“祖姑”
0          1
0.754          0.246
<实体>的父母是犹太人，他在<属性>的一个中产阶级的犹太家庭中长大
0          1
0.685          0.315
1998年列<属性>百大富豪第十一位。<实体>于1988年6月被聘为台“总统府国策顾
0          1
0.805          0.195
实际为0，预测为1
一、概述<属性>，简称桂，桂剧，是<属性>最有代表性的戏剧之一。说到桂剧，不能不提及<实体>
0          1
0.449          0.551
<属性>是<属性>海军伏波号管带
0          1
0.235          0.765
<属性>，字襄。<属性>留学欧美预备学校第一任校长
0          1
0.216          0.784
<实体>，“<属性>航天之父”的夫人
0          1
0.057          0.943
返回<属性>。<实体>自幼生活在家乡
0          1
0.245          0.755
<实体>为位于<属性>的著名漫画工作室“埃斯纳伊格工作室”工
0          1
0.278          0.722
钟某全名钟石（又名<实体>）在<属性>、上海、广州等地从事财经及建筑
0          1
0.466          0.534
<实体>，男，大学学历，中共党员，现任<属性>副市长
0          1
0.221          0.779
<实体>，祖籍广东三水。1983年<实体>加入<属性>无线电视第12期艺员训练班
0          1
0.178          0.822
饰演被绑架十年后获救、回到<属性>实施报复的悲剧人物韦逸升。<实体>出生于长州
0          1
0.267          0.733
是爱尔兰裔的<属性>白人姑娘，是<实体>在华盛顿大学期间的同学
0          1
0.190          0.810
<实体>是家中独女，中学就读<属性>玫瑰岗学校
0          1
0.446          0.554
<属性>《福布斯》公布2018年全球名人收入榜，<实体>排名第二。<实体>出身在演员世家
0          1
0.307          0.693
都牵涉到<属性>人的现籍和祖籍的问题。清代<属性>文书稿本《南旋日记》，认为<实体>的籍贯是绩溪毋庸置疑
0          1
0.265          0.735
2018年<实体>主演电影《栋笃特工》在<属性>上映，票房超四千万。<实体>出身于一个中
0          1
0.323          0.677
2018年<实体>主演电影《栋笃特工》在<属性>上映，票房超四千万。<实体>出身于一个中产家庭
0          1
0.399          0.601
<属性>玩晒。<实体>来自于一个破碎家庭
0          1
0.258          0.742
<实体>是<属性>潮流界的代表人物之一
0          1
0.434          0.566
<实体>饰演一位<属性>舞蹈家
0          1
0.303          0.697
<实体>饰演一位<属性>舞蹈家
0          1
0.303          0.697
由<实体>、韩裔<属性>籍嘻哈天王级制作人Jae chong担
0          1
0.248          0.752
投资500多万元修缮<实体>和胞弟张国庶故居。据<属性>发布的消息显示
0          1
0.255          0.745
<实体>，1959年生人，<属性>文化界著名人物，舞台剧导演。<实体>1991 年创立“ 非常<实体>”剧团
0          1
0.060          0.940
提升上由前阿根廷国脚鲁道福·卡多索带领的<属性>二队，上场37场取得3个入球。由于<实体>姓氏Lam
0          1
0.289          0.711
由于<实体>姓氏Lam，与<属性>国家足球队队长拉姆（Lahm）相似
0          1
0.247          0.753
<属性>政府在馆内开辟了“<属性>禁毒教育基地”。<实体>故居（云左山房）又名“云左山房”
0          1
0.272          0.728
雍正年间沈氏家族中的一支继续南迁至<属性>侯官。嘉庆二十五年（1820年），<实体>出生于贫苦的读书人家庭
0          1
0.301          0.699
家协会会员、高级摄影师、中国优秀摄影家、<属性>首批“五个一批”人才。<实体>摄影作品在省级以上报刊发表数千幅
0          1
0.223          0.777
（胡燕娜评）在<实体>看来，除了<属性>人之外，没有人会拍<属性>的故事，更没有人会在银幕上关心<属性>人
0          1
0.217          0.783
除了<属性>人之外，没有人会拍<属性>的故事，更没有人会在银幕上关心<属性>人。<实体>的大部分电影里都透露着鲜明的纪实色彩
0          1
0.233          0.767
1952年8月5日则是<实体>身份证上所刊登的出生日，这在<属性>身份证推行早期是常常发生的状况
0          1
0.313          0.687
碑文详细记录了<实体>故园及<实体>在<属性>的部分情况，并详细记载了<实体>（汉阳王
0          1
0.281          0.719
碑文详细记录了<实体>故园及<实体>在<属性>的部分情况，并详细记载了<实体>（汉阳王）墓的地点
0          1
0.306          0.694
