实际为1，预测为0
刘永福走完了一生的历史途程，在钦州老家溘然长逝
0          1
0.938          0.062
与唐景崧家乡广西毗邻的越南是中国的藩属国
0          1
0.724          0.276
到灌阳县江口村老家。对国家命运心灰意冷的唐景崧，为摆脱烦忧，便请来戏班，终日闭门听戏消磨时光。灌阳与湖南交界
0          1
0.936          0.064
舒传贤被派回家乡开展农民运动。他回到家乡霍山
0          1
0.956          0.044
安徽是重灾区，家乡亲友登门，刘健挺总是让家人节衣缩食
0          1
0.910          0.090
当时他俩正在王实味家乡河南开封
0          1
0.906          0.094
此人乃是河北玉麒麟卢俊义，因为“反诗门”被打入大狱。蔡福收押了他后下班回家
0          1
0.703          0.297
根据代县孙氏 《代州孙氏家乘》记载孙传庭始祖是明朝洪武初年迁居山西
0          1
0.779          0.221
刘晓彤的家在吉林延边
0          1
0.844          0.156
刘晓彤的家在吉林延边，小的时候家里人都很喜欢排球，而且刘晓彤身高已经很高
0          1
0.804          0.196
孟珙立庙，题名“威爱”。南宋文豪刘克庄为孟珙撰写了碑文。孟珙家乡的人民，为纪念孟珙忠烈，将随州城两乡的孟家故里命名为孟家桥。孟珙后葬
0          1
0.901          0.099
毛主席送了亲笔挽词：“印度友人柯棣华大夫远道来华
0          1
0.934          0.066
获颁纪念章的其中一位国际友人遗属是印度友人柯棣华医生的侄女苏曼加拉·博卡。柯棣华曾随同
0          1
0.840          0.160
祭祀籍贯邢州的谥号都为文贞的三大名相魏徵、宋璟和刘秉忠
0          1
0.898          0.102
美利坚合众国第16任总统亚伯拉罕·林肯与世长辞。布斯出身于美国戏剧界名门之后
0          1
0.627          0.373
导演张善宇便是上世纪90年代以来韩国最受关注的导演之一。1985年，张善宇
0          1
0.853          0.147
另一个就是海伦·凯勒。”美国《时代周刊》评选海伦·凯勒为“20世纪美国10大偶像之一”
0          1
0.743          0.257
个就是海伦·凯勒。”美国《时代周刊》评选海伦·凯勒为“20世纪美国10大偶像之一”
0          1
0.693          0.307
梁正群与女友相爱15年秘密离婚。台湾艺人梁正群与圈外女友Anita交往15
0          1
0.927          0.073
梁正群与女友相爱15年秘密离婚。台湾艺人梁正群与圈外女友Anita交往15年十分低调
0          1
0.930          0.070
新加坡金牌孪生音乐制作人李伟菘李偲菘老师也前来友情客串
0          1
0.894          0.106
开的一本早期手抄本长坑王氏族普上就有包括王永庆在内的多名台湾名人的祖籍
0          1
0.777          0.223
王家在台湾第一代祖先是王永庆的曾祖父王天来
0          1
0.526          0.474
王永庆家族是台湾最有名望的大家族
0          1
0.614          0.386
”台塑王家可称得上是台湾的豪富之家，其灵魂人物王永庆多次被评为“台湾首富”
0          1
0.754          0.246
王家可称得上是台湾的豪富之家，其灵魂人物王永庆多次被评为“台湾首富”
0          1
0.754          0.246
李准基作为韩国电影人的代表，参加时任韩国总统卢武铉的
0          1
0.728          0.272
高丽虹虽然是在香港长大
0          1
0.781          0.219
”由此可见刘基当时住房的简陋。刘基故里—南田又称天下第六福地
0          1
0.751          0.249
德国物理学家威廉·康拉德·伦琴发现了X射线
0          1
0.809          0.191
伦琴奖金以德国物理学家威廉·康拉德·伦琴的姓氏命名
0          1
0.608          0.392
48岁香港女星温碧霞在微博晒出海边度假照
0          1
0.735          0.265
同年张国荣作为香港歌手代表
0          1
0.690          0.310
陈可辛曾有着一种标杆性的启示意义。这位早年游走于好莱坞的香港导演
0          1
0.791          0.209
（吴君如评）陈可辛心中唯一的香港演艺圈大哥
0          1
0.577          0.423
德国传奇摄影师迈克尔·包豪斯去世
0          1
0.648          0.352
导演萨姆·雷米也因此点名邀请林迪安再任第三集武术指导。来自香港的林迪安曾和袁和平一起参与设计了《黑客
0          1
0.941          0.059
此点名邀请林迪安再任第三集武术指导。来自香港的林迪安曾和袁和平一起参与设计了《黑客帝国》的
0          1
0.951          0.049
效力于汉堡的华裔小将林志坚入选了德国U20国家青年队
0          1
0.878          0.122
妈祖林默和林则徐都是“九牧林氏”后代， 林则徐先祖世居莆田，后迁居福州。 妈祖是林则徐的“祖姑”
0          1
0.689          0.311
1998年列台湾百大富豪第十一位。辜振甫于1988年6月被聘为台“总统府国策顾
0          1
0.864          0.136
实际为0，预测为1
一、概述广西，简称桂，桂剧，是广西最有代表性的戏剧之一。说到桂剧，不能不提及唐景崧
0          1
0.247          0.753
广西的桂剧，就是这样诞生了！唐景崧为“桂林春班”撰写的《看棋亭杂剧》40
0          1
0.154          0.846
吕文经是福建海军伏波号管带
0          1
0.230          0.770
潘天寿美术馆位于浙江宁海潘天寿艺术中心。潘天寿艺术中心分综合展厅、书画艺术工作室、宁
0          1
0.219          0.781
潘天寿美术馆位于浙江宁海潘天寿艺术中心。潘天寿艺术中心分综合展厅、书画艺术工作室、宁海历史名人人物画陈列馆、书画艺术培训基地
0          1
0.234          0.766
林伯襄，字襄。河南留学欧美预备学校第一任校长
0          1
0.240          0.760
蒋英，“中国航天之父”的夫人
0          1
0.189          0.811
鲍勃·凯恩为位于纽约的著名漫画工作室“埃斯纳伊格工作室”工
0          1
0.258          0.742
钟某全名钟石（又名钟小江）在北京、上海、广州等地从事财经及建筑
0          1
0.238          0.762
张世敏，男，大学学历，中共党员，现任洛阳市副市长
0          1
0.149          0.851
刘青云，祖籍广东三水。1983年刘青云加入香港无线电视第12期艺员训练班
0          1
0.174          0.826
李赛凤可以算是香港动作片头号女星
0          1
0.442          0.558
台塑董事长王永庆在台湾是一个家喻户晓的传奇式人物。他把台湾塑
0          1
0.397          0.603
王小帅出生两个多月后便随父母从上海去往贵阳
0          1
0.424          0.576
饰演被绑架十年后获救、回到香港实施报复的悲剧人物韦逸升。郭晋安出生于长州
0          1
0.029          0.971
是爱尔兰裔的美国白人姑娘，是李小龙在华盛顿大学期间的同学
0          1
0.213          0.787
翁美玲是家中独女，中学就读香港玫瑰岗学校
0          1
0.246          0.754
不过历代多数书家认为创始人是王次仲。东汉末年蔡瑁《劝学篇》中说：“上谷次仲
0          1
0.264          0.736
钟绍京称“小钟”。江西地方志列“十大乡贤”之一
0          1
0.278          0.722
陈宇琛的父亲是中国香港男演员石修。2016年，陈宇琛在英国向
0          1
0.237          0.763
美国《福布斯》公布2018年全球名人收入榜，乔治·克鲁尼排名第二。乔治·克鲁尼出身在演员世家
0          1
0.452          0.548
都牵涉到徽州人的现籍和祖籍的问题。清代徽州文书稿本《南旋日记》，认为胡雪岩的籍贯是绩溪毋庸置疑
0          1
0.241          0.759
2018年黄子华主演电影《栋笃特工》在香港上映，票房超四千万。黄子华出身于一个中
0          1
0.176          0.824
2018年黄子华主演电影《栋笃特工》在香港上映，票房超四千万。黄子华出身于一个中产家庭
0          1
0.149          0.851
香港玩晒。黄子华来自于一个破碎家庭
0          1
0.172          0.828
林海峰是香港潮流界的代表人物之一
0          1
0.184          0.816
李安的父亲是台湾教育家李升
0          1
0.260          0.740
陈令智饰演一位香港舞蹈家
0          1
0.252          0.748
陈令智饰演一位香港舞蹈家
0          1
0.252          0.748
林奕华，1959年生人，香港文化界著名人物，舞台剧导演。林奕华1991 年创立“ 非常林奕华”剧团
0          1
0.113          0.887
由于林志坚姓氏Lam，与德国国家足球队队长拉姆（Lahm）相似
0          1
0.180          0.820
福州市政府在馆内开辟了“福州市禁毒教育基地”。林则徐故居（云左山房）又名“云左山房”
0          1
0.386          0.614
雍正年间沈氏家族中的一支继续南迁至福建侯官。嘉庆二十五年（1820年），沈葆桢出生于贫苦的读书人家庭
0          1
0.054          0.946
家协会会员、高级摄影师、中国优秀摄影家、浙江省首批“五个一批”人才。刘志江摄影作品在省级以上报刊发表数千幅
0          1
0.232          0.768
1952年8月5日则是吴念真身份证上所刊登的出生日，这在台湾身份证推行早期是常常发生的状况
0          1
0.173          0.827
